1572432213854,-4.051071,2.058319,5.0772705
1572432213854,-1.762207,2.9178314,8.716461
1572432213854,0.16511536,3.3416138,11.14418
1572432213854,-0.0072631836,3.358368,9.757935
1572432213854,-1.1205597,2.0128326,6.42041
1572432213971,-2.4110413,-0.29997253,5.240082
1572432213971,-2.0136108,-2.5050354,6.7005463
1572432213971,-1.1564789,-3.448349,11.1250305
1572432213971,-1.2211304,-2.519394,17.756958
1572432213971,-1.6568756,-2.5146027,18.446487
1572432213974,-0.4908905,-3.321457,13.23671
1572432214095,1.3550415,-2.9886627,8.498581
1572432214095,1.1371613,-2.440384,8.096359
1572432214095,2.6119995,1.6991882,2.7477112
1572432214095,1.6854401,3.4804688,3.169098
1572432214095,-3.5099792,-0.41490173,14.599014
1572432214095,-1.0032501,-3.4363708,3.9113007
1572432214217,-2.6169434,-3.776352,4.866577
1572432214217,-0.6465149,-1.3701782,9.774689
1572432214217,1.8314819,-0.75486755,6.6215363
1572432214219,2.0637207,-0.63516235,6.0780487
1572432214219,1.8721924,-1.286377,5.445984
1572432214219,1.9607697,-2.5146027,5.8984833
1572432214219,1.9607697,-3.3884888,6.149872
1572432214320,3.7636108,-2.9838715,1.8139801
1572432214320,7.326172,-1.6431274,6.3749237
1572432214320,10.010071,-3.1227417,7.557663
1572432214320,10.120209,-3.70932,7.1721954
1572432214320,8.470612,-4.485031,5.632721
1572432214444,7.867264,-4.492218,4.2033844
1572432214447,7.745163,-4.5520782,2.8243256
1572432214447,7.3956146,-4.4179993,2.1467743
1572432214447,7.704468,-5.143448,1.8953705
1572432214447,7.749954,-5.17218,2.1683197
1572432214447,8.884796,-5.3038483,2.82193
1572432214569,9.8424835,-5.44751,3.465973
1572432214569,10.493713,-5.5097504,3.410904
1572432214569,11.499268,-5.045288,1.8307343
1572432214569,13.311676,-3.6231232,-1.0207672
1572432214569,14.606949,-3.024582,-4.0614014
1572432214569,15.097763,-2.828247,-5.641571
1572432214686,15.148041,-1.9136658,-7.2552643
1572432214686,16.646805,-1.0661163,-7.4779205
1572432214686,18.049805,-0.9918976,-6.146744
1572432214686,17.592514,-1.9711304,-6.168289
1572432214686,15.334778,-2.701355,-6.905716
1572432214686,12.346817,-2.7707825,-7.657486
1572432214809,10.7043915,-2.3278656,-6.5058746
1572432214809,11.087463,-2.4571533,-3.6208649
1572432214809,11.487305,-3.345398,-1.8204193
1572432214809,10.951004,-4.559265,-1.2314453
1572432214810,9.277451,-3.8816986,-2.1891327
1572432214810,8.717209,-3.9391632,0.13563538
1572432214931,8.903961,-4.564041,3.9065094
1572432214931,9.476166,-4.159424,3.367813
1572432214931,10.165695,-4.329422,-1.0782166
1572432214931,9.703613,-4.061264,-2.945694
1572432214931,9.45462,-4.159424,-0.7861328
1572432214931,9.536026,-4.2001343,0.1739502
1572432215054,8.377228,-3.9870453,0.3846283
1572432215055,7.1274567,-3.9415588,0.83714294
1572432215055,7.00296,-4.8345947,1.1842957
1572432215056,6.413986,-5.457077,-0.34320068
1572432215056,6.021332,-6.4458923,-0.30490112
1572432215056,5.444336,-7.420334,0.99516296
1572432215177,6.4499054,-8.358856,0.940094
1572432215177,8.391602,-7.2503357,0.7485504
1572432215177,8.075562,-7.1114807,0.5713806
1572432215177,6.282303,-6.749954,1.2657013
1572432215177,5.3198395,-7.212036,2.8650208
1572432215178,4.9846497,-6.5177155,4.4476013
1572432215306,7.8816376,-4.329422,4.722931
1572432215306,11.678833,-2.6989594,3.7844086
1572432215306,13.97966,-1.6742401,3.0493774
1572432215306,13.70433,-0.33110046,1.5218811
1572432215306,13.713913,-0.055770874,1.6344147
1572432215306,13.053101,-0.661499,2.3981628
1572432215306,12.263016,-0.7788086,2.8674164
1572432215404,12.693985,-0.12519836,1.8283386
1572432215404,14.130493,0.30575562,-0.2450409
1572432215406,15.571808,-0.51545715,-4.4300995
1572432215406,14.932556,-3.1658325,-6.814728
1572432215406,10.180069,-4.9495087,-5.8043823
1572432215506,8.925507,-3.0509033,-4.88501
1572432215507,9.37561,-2.294342,-1.6121368
1572432215507,13.0052185,-2.263214,-0.45573425
1572432215507,14.731445,-1.6215668,-1.1093445
1572432215507,15.057053,-1.2408905,3.094864
1572432215643,12.693985,-3.2855377,9.875244
1572432215643,8.015701,-2.488266,9.724411
1572432215644,7.570389,-3.017395,-2.9959717
1572432215644,6.282303,-2.0477448,-3.941681
1572432215644,8.88002,-3.3645477,-0.2737732
1572432215644,11.039581,-5.27034,0.39900208
1572432216003,9.349274,-5.598343,1.5578003
1572432216003,7.5727844,-4.760376,1.1938782
1572432216003,7.1944885,-3.8601532,-1.8060608
1572432216003,10.366806,-2.8497925,-2.538681
1572432216003,9.287033,-1.1858215,-4.257721
1572432216003,9.33252,-1.1666718,-4.657547
1572432216005,8.46582,-1.760437,-2.1891327
1572432216005,6.7395935,-3.096405,0.0039520264
1572432216006,2.334259,-4.3557434,-0.83161926
1572432216006,2.334259,-6.3668823,1.8187561
1572432216006,8.451447,-2.9814758,4.794754
1572432216006,15.114517,-3.3836975,-1.3008881
1572432216006,20.934814,-5.481018,-5.2249756
1572432216006,15.851929,-5.6725616,-4.956833
1572432216006,7.5488434,-5.476242,-1.6983185
1572432216006,8.080353,-5.7300262,-0.7214813
1572432216007,6.741989,-4.1977386,1.0885315
1572432216007,6.2966766,-3.4363708,1.7493286
1572432216272,9.3875885,-1.7388916,-3.1109009
1572432216272,7.9534607,-0.6184082,-1.391861
1572432216272,5.1905518,-1.5760803,0.94488525
1572432216272,7.354904,-3.910431,-2.6368408
1572432216272,11.092255,-4.3365936,-7.3270874
1572432216272,11.832062,-3.3597565,-5.5841064
1572432216272,14.319641,-3.8816986,-6.1299896
1572432216272,14.563843,-7.077957,-1.6480408
1572432216273,10.903122,-10.2335205,0.58813477
1572432216273,9.315765,-10.137741,-1.0758209
1572432216273,8.001343,-11.978882,-4.5450287
1572432216273,7.9558563,-10.566315,-2.0071716
1572432216273,7.3716736,-8.102676,0.54504395
1572432216273,2.0014648,-6.1346436,3.2193756
1572432216493,-0.44540405,-6.5105286,3.537796
1572432216493,1.637558,-7.559189,1.2680969
1572432216493,1.637558,-8.696442,2.0366364
1572432216493,4.922394,-9.38118,2.5657501
1572432216494,6.6246796,-8.717987,2.118042
1572432216494,6.662979,-7.0085297,-2.035904
1572432216494,7.290268,-5.19133,-3.151596
1572432216494,6.682144,-6.137039,-1.2889099
1572432216494,6.0285187,-6.060425,0.059020996
1572432216494,6.3684998,-5.0596466,-0.664032
1572432216494,6.0907745,-4.480255,3.7053986
1572432216715,6.464264,-3.9654999,1.4380798
1572432216715,5.724457,-4.7986755,1.9073486
1572432216715,5.401245,-3.180191,3.6215973
1572432216715,8.429901,-3.3358154,3.0158691
1572432216715,8.370056,-5.002182,1.2657013
1572432216715,8.204849,-8.4665985,-1.9664764
1572432216715,7.6805115,-8.916702,-1.7797241
1572432216715,5.9566956,-7.499344,0.9759979
1572432216715,4.9247894,-9.34288,5.829056
1572432216716,4.4076385,-10.056351,-0.17800903
1572432216716,10.108246,-9.005295,-8.569687
1572432216936,14.57103,-8.610245,2.2760468
1572432216936,16.778488,-13.37471,6.087616
1572432216937,2.5042572,-10.276611,5.2041626
1572432216937,2.5042572,-7.803406,0.1787262
1572432216937,3.7612152,-7.291046,-6.9823303
1572432216937,11.159302,-8.619827,-2.035904
1572432216937,12.67482,-10.128174,-2.0670319
1572432216937,10.30217,-12.907837,-1.949707
1572432216937,9.536026,-15.361893,0.9903717
1572432216937,9.119431,-15.493576,4.1602936
1572432216937,8.614258,-14.174377,3.9424133
1572432217158,5.236038,-8.112259,4.5074463
1572432217159,7.093933,-6.381241,3.88974
1572432217159,0.081329346,-9.405121,-2.6584015
1572432217159,0.33032227,-9.168091,-3.103714
1572432217159,2.7341003,-9.227951,-0.27616882
1572432217159,2.4515839,-10.726715,-1.253006
1572432217159,2.8466187,-10.006073,0.39421082
1572432217159,2.8466187,-7.611862,-0.82203674
1572432217160,3.7420502,-6.297455,-1.3703156
1572432217160,4.6087646,-5.390045,-1.039917
1572432217160,4.80748,-4.4299774,-0.17321777
1572432217380,5.2216797,-4.0756226,0.22901917
1572432217380,4.867325,-3.8888855,0.61447144
1572432217380,3.0932312,-5.117111,-0.034347534
1572432217381,1.4388275,-5.500183,-1.7485962
1572432217381,1.0701294,-6.2495575,-3.7453613
1572432217381,2.9998474,-6.4434967,-4.930496
1572432217381,2.9998474,-7.7794647,-7.9471893
1572432217381,4.7978973,-11.167252,-10.860931
1572432217381,6.548065,-10.628555,-9.352585
1572432217381,8.420334,-6.3884277,-8.672638
1572432217383,10.316528,-9.00769,-8.330261
1572432217603,9.114639,-9.7235565,3.300766
1572432217604,0.75408936,-10.314926,-0.6975403
1572432217604,-3.177185,-14.375488,1.2776794
1572432217604,-4.805237,-16.132828,1.3614655
1572432217604,-5.2673187,-10.695602,-2.6033325
1572432217604,-5.2673187,-4.994995,1.8115845
1572432217604,1.5154419,-7.638199,3.9663544
1572432217604,1.9200745,-12.764191,6.8801117
1572432217604,1.9200745,-11.840027,6.762787
1572432217606,4.673401,-10.068314,4.6630707
1572432217606,6.385254,-10.326889,-7.2528687
1572432217823,8.475388,-9.024445,-3.3359528
1572432217823,3.2368774,-8.998108,2.422104
1572432217823,2.1092072,-10.980515,3.0230408
1572432217824,1.879364,-10.896713,0.8945923
1572432217824,2.8657837,-9.915085,-0.58262634
1572432217824,2.808319,-9.855225,1.0909271
1572432217824,1.6303711,-10.374771,1.608078
1572432217824,0.69662476,-10.310135,0.5905304
1572432217825,0.035827637,-10.039581,0.434906
1572432217825,-0.06712341,-8.98613,2.0605774
1572432217825,0.4236908,-7.370056,2.2952118
1572432217825,1.1850433,-5.8880463,3.4468231
1572432218029,2.0756989,-6.302231,1.126831
1572432218029,3.0357666,-9.77861,-0.47488403
1572432218029,3.0357666,-8.921494,-0.0032196045
1572432218029,8.796219,-8.389984,0.28407288
1572432218029,10.4865265,-6.1418304,-0.103775024
1572432218029,10.749893,-6.0125427,-1.1045532
1572432218030,7.9917603,-8.339706,-1.9999847
1572432218030,6.598343,-12.414627,-0.98724365
1572432218031,5.532913,-14.713074,5.632721
1572432218031,8.173721,-11.045151,3.506668
1572432218248,15.631668,-8.351669,-1.6959229
1572432218248,14.140076,-8.4665985,-9.477081
1572432218248,6.900009,-8.885574,-2.4022217
1572432218248,2.4563751,-9.572723,1.2417603
1572432218248,-0.67045593,-11.172043,-0.5874176
1572432218248,1.2401123,-11.737076,-1.039917
1572432218249,1.2401123,-13.5542755,0.45407104
1572432218249,3.380539,-14.835175,0.75813293
1572432218249,6.6605835,-10.781784,-1.76297
1572432218250,8.767487,-7.535248,-1.9329529
1572432218250,7.242386,-5.967041,-1.0375214
1572432218471,5.8704987,-5.653412,-0.90823364
1572432218471,5.6550293,-5.847336,-0.5155792
1572432218471,5.8728943,-6.3237915,-0.031951904
1572432218471,5.2719574,-4.590378,0.55223083
1572432218471,2.3677826,-6.247177,5.9200287
1572432218473,0.6583252,-7.607071,-2.344757
1572432218473,0.6655121,-6.211258,-4.1571655
1572432218473,1.9440155,-5.9718323,-1.3272247
1572432218473,3.064499,-6.302231,-0.53474426
1572432218474,3.064499,-7.212036,-0.7765503
1572432218474,4.6566467,-9.259079,-3.7812805
1572432218691,7.3980103,-9.522446,-8.648682
1572432218692,13.02916,-6.3237915,-2.1268768
1572432218692,20.218948,-5.68692,-2.696701
1572432218692,18.8806,-8.899948,-1.9904175
1572432218693,13.967697,-9.002899,-2.502777
1572432218693,11.276611,-14.576599,0.6982727
1572432218693,6.495392,-16.843903,-0.015197754
1572432218693,3.277588,-11.538361,-0.12294006
1572432218693,0.009490967,-7.396393,1.6631317
1572432218693,-2.3487854,-4.858536,2.462799
1572432218693,-2.1931763,-2.349411,3.9496002
1572432218914,-0.32330322,-1.5904541,5.84581
1572432218914,1.3478546,-4.9997864,3.5354004
1572432218914,0.66311646,-11.210358,1.3111877
1572432218916,0.66311646,-12.361969,-1.3343964
1572432218916,4.2065277,-10.470535,-2.758957
1572432218916,8.7603,-11.265411,-2.3256073
1572432218916,9.981354,-15.285278,1.2106323
1572432218916,0.56256104,-9.745102,5.0844574
1572432218916,-4.1109314,-4.4874268,0.22901917
1572432218917,-7.805176,-7.104294,-3.9967499
1572432218917,-8.442032,-9.541595,-4.590515
1572432219381,-7.261688,-10.815308,-3.6950836
1572432219381,-2.7797546,-8.706009,2.996704
1572432219382,-1.8460083,-11.4162445,14.723511
1572432219382,2.7245178,-14.95488,10.885605
1572432219382,2.7245178,-12.393082,6.6382904
1572432219382,7.9486694,-10.86319,1.4404755
1572432219382,9.416321,-10.338867,-0.12773132
1572432219382,9.052399,-7.2886505,-0.98005676
1572432219382,10.1633,-6.2567444,-1.3822937
1572432219382,3.0070343,-7.8943787,-0.082229614
1572432219382,2.8825378,-7.475403,1.715805
1572432219382,2.8825378,-5.342163,2.7716522
1572432219383,8.832123,-7.717209,1.5266724
1572432219383,11.824875,-13.1831665,1.1292267
1572432219383,12.284576,-11.387527,0.6360321
1572432219383,-3.9169922,-17.361053,-7.535385
1572432219383,-3.9169922,-11.7083435,-15.8576355
1572432219383,-3.2921143,-15.4600525,-27.1846
1572432219383,-1.3360443,-13.427383,-3.1563873
1572432219383,-2.571457,-13.626099,5.9391785
1572432219603,-2.56427,-14.42337,6.1019897
1572432219603,-0.3065338,-15.345139,2.6567383
1572432219604,3.1267548,-12.709122,-3.6424103
1572432219604,3.1267548,-10.358017,-7.425247
1572432219604,1.0701294,-10.362808,-4.760498
1572432219604,0.038223267,-10.099442,-1.7701416
1572432219604,0.23693848,-10.025223,0.32957458
1572432219604,0.1483612,-10.046768,1.5913086
1572432219604,1.4579926,-7.8464966,1.6224365
1572432219604,1.8147278,-6.2806854,0.99993896
1572432219604,0.70381165,-5.9909973,0.19309998
1572432219604,-0.931427,-6.412369,-0.44854736
1572432219604,-1.046341,-7.0827484,-0.6065674
1572432219604,0.40454102,-7.5783386,-1.0111847
1572432219826,1.7883911,-7.7674866,-1.4134064
1572432219826,2.6287537,-8.119431,-1.3176422
1572432219826,2.6287537,-8.84967,-1.4349518
1572432219826,3.3470154,-9.68045,-2.7326202
1572432219826,4.5728455,-10.3125305,-3.103714
1572432219826,8.439484,-10.980515,-1.8802795
1572432219826,12.95015,-11.684402,-3.8363495
1572432219826,12.701157,-11.935791,-5.107666
1572432219827,9.251114,-12.926987,-3.3551025
1572432219827,5.516159,-15.098541,-1.3583374
1572432219827,3.2967377,-18.227753,0.18351746
1572432220054,0.031051636,-15.266129,0.6288452
1572432220054,-2.56427,-8.926285,0.75094604
1572432220054,-2.7510223,-4.8896637,0.9831848
1572432220054,-1.8675537,-2.1506958,2.323944
1572432220054,-0.6273651,-1.547348,3.9160767
1572432220054,1.5920563,-5.6486206,3.683838
1572432220054,2.6957855,-10.2933655,2.797989
1572432220056,2.5138245,-12.701935,2.3191528
1572432220056,2.2241364,-11.899887,2.462799
1572432220056,2.0541382,-10.425049,5.134735
1572432220056,2.7221222,-9.505676,1.7182007
1572432220276,2.7221222,-9.412308,-0.39587402
1572432220277,3.3637695,-9.160919,-0.4102478
1572432220277,3.99823,-8.409134,-1.2553864
1572432220277,4.2951202,-8.004517,-2.3854523
1572432220277,4.1179504,-8.3875885,-2.2825012
1572432220277,3.8090973,-8.588699,-0.7861328
1572432220279,3.9120483,-8.449829,0.6192627
1572432220279,3.2273102,-8.531235,1.509903
1572432220279,2.85141,-8.464203,2.0414276
1572432220279,3.0357666,-8.524063,2.311966
1572432220279,3.0357666,-8.878403,2.3023834
1572432220279,3.5265808,-9.259079,2.1347961
1572432220483,4.0078125,-9.666092,1.7277832
1572432220483,4.429199,-9.850449,1.1890869
1572432220483,4.7619934,-9.496109,1.0406494
1572432220483,4.726074,-8.502502,0.9257202
1572432220485,5.3605347,-7.477783,0.43252563
1572432220485,6.016556,-7.8584747,0.6791229
1572432220485,7.946274,-9.405121,0.6192627
1572432220485,9.962189,-10.772217,-2.9241486
1572432220485,10.764252,-11.998047,-4.221817
1572432220485,8.188095,-11.440201,-1.6983185
1572432220702,7.4794006,-13.310059,-3.1372375
1572432220702,-0.11021423,-15.922134,-2.9385223
1572432220702,-0.69200134,-15.68512,0.020721436
1572432220702,-1.1062012,-15.443298,2.2904205
1572432220704,-0.33287048,-13.432175,1.8642578
1572432220704,2.0230255,-10.918259,-0.7286682
1572432220704,2.0230255,-8.61264,-2.617691
1572432220704,3.8689423,-7.101898,-2.5793915
1572432220704,4.1730194,-7.0899353,-1.8802795
1572432220704,4.5010223,-7.42511,-1.178772
1572432220704,4.6566467,-7.64299,0.18112183
1572432220925,4.376526,-7.6094666,2.0917053
1572432220925,2.4037018,-7.32695,3.0374146
1572432220925,0.73973083,-6.9845886,1.632019
1572432220927,-0.40948486,-6.6062927,-1.1404724
1572432220927,-1.041565,-6.793045,-2.6847382
1572432220927,0.7732544,-7.1138763,-2.4189758
1572432220927,0.7732544,-7.061203,-1.5283356
1572432220927,3.9551392,-7.812973,-2.011963
1572432220927,6.737198,-9.527222,-5.3518677
1572432220927,9.361252,-9.60144,-4.542633
1572432220927,14.202332,-9.168091,-1.1308899
1572432221146,17.779266,-7.7914276,-2.842743
1572432221146,16.225418,-10.456177,-2.3686981
1572432221147,10.098663,-11.140915,-1.039917
1572432221147,2.0517578,-14.480835,-1.2841187
1572432221147,-1.7765808,-16.767288,-3.2784882
1572432221147,-1.0152283,-12.287735,-1.3966522
1572432221148,-1.9465637,-7.5975037,0.8036194
1572432221148,-1.5730743,-4.2958984,3.331894
1572432221148,0.8546448,-2.9216309,5.881729
1572432221148,3.100418,-5.413986,6.391693
1572432221148,3.100418,-9.40033,4.4954834
1572432221375,2.384552,-10.982895,2.7046204
1572432221377,2.5258026,-10.358017,2.2640839
1572432221377,2.5258026,-9.634964,3.6886292
1572432221377,3.428421,-9.991699,3.5186462
1572432221378,3.4116516,-9.85762,-1.0135803
1572432221378,3.5529175,-9.613419,-2.5746002
1572432221378,3.5050354,-8.41153,-2.5602264
1572432221378,4.194565,-7.5783386,-1.810852
1572432221378,4.594391,-7.8417053,-0.6376953
1572432221378,4.7380524,-8.3085785,0.42533875
1572432221378,4.680588,-8.624619,1.0454407
1572432221592,4.2999115,-8.665314,1.4069519
1572432221592,3.9024658,-8.571945,1.7780609
1572432221593,3.5457306,-8.53363,2.2162018
1572432221593,3.3398285,-8.665314,2.4580078
1572432221593,3.6390991,-9.074722,2.2353516
1572432221593,4.218506,-9.670883,1.608078
1572432221593,5.073227,-9.955795,1.098114
1572432221593,5.504196,-9.472153,0.7964325
1572432221593,5.38208,-8.212814,0.38702393
1572432221593,5.923172,-7.2527313,-0.024780273
1572432221594,6.8257904,-7.827347,0.806015
1572432221815,9.6844635,-9.117813,-1.3751068
1572432221815,13.201553,-10.487305,-3.5729828
1572432221815,10.766647,-10.642929,-3.3215942
1572432221815,7.788254,-11.148102,-2.4046173
1572432221815,5.7364197,-12.330841,0.073394775
1572432221815,1.5346069,-13.951706,1.0119171
1572432221815,0.074142456,-14.404221,2.1587372
1572432221815,-0.55792236,-14.765747,3.0924835
1572432221815,0.8163452,-13.19754,1.6487732
1572432221816,0.8163452,-10.781784,-3.8339539
1572432221816,3.9479523,-8.866425,-4.31279
1572432221816,4.3645477,-8.198441,-2.2322235
1572432222025,3.7205048,-7.511307,-0.3934784
1572432222025,4.4627075,-7.334137,0.36068726
1572432222025,4.8936615,-7.789032,1.0574036
1572432222025,3.0118256,-8.162537,1.9193115
1572432222025,2.3127136,-7.8967743,1.0957184
1572432222025,1.314331,-7.0707703,-0.95851135
1572432222025,0.021469116,-6.8145905,-1.980835
1572432222026,0.1268158,-7.0324707,-1.5474854
1572432222026,1.0390015,-7.2096405,-0.3025055
1572432222026,1.6878357,-6.8576965,0.82276917
1572432222250,2.5138245,-6.536865,1.0909271
1572432222250,2.5138245,-7.927902,-2.727829
1572432222251,4.283142,-9.505676,-4.815567
1572432222251,10.871994,-10.590256,-1.5546722
1572432222251,20.693008,-10.927841,-4.2289886
1572432222251,21.698578,-7.2695007,-5.830719
1572432222251,15.672363,-9.534409,-3.5945282
1572432222252,9.8185425,-12.926987,0.34153748
1572432222252,3.1722412,-16.233383,2.8410797
1572432222252,0.13638306,-15.167969,0.70066833
1572432222252,-2.5044098,-10.832062,-0.16842651
1572432222472,-3.9457245,-6.840927,2.4292755
1572432222472,-3.1915588,-3.8840942,5.0533295
1572432222473,-1.3168945,-3.1394958,6.489853
1572432222473,1.0581512,-6.816986,4.0405884
1572432222473,1.9607697,-10.195206,0.097335815
1572432222473,2.0733032,-11.057129,-0.92259216
1572432222475,3.2919464,-10.42984,0.85868835
1572432222475,3.2919464,-10.767426,6.743637
1572432222475,3.598404,-9.929459,1.0047302
1572432222475,4.5967865,-8.880798,-1.5115662
1572432222475,4.8529663,-7.607071,-1.094986
1572432222694,5.4826355,-6.891205,-0.6376953
1572432222694,5.690933,-7.508911,-0.5443115
1572432222694,5.508972,-8.416321,-0.16603088
1572432222694,4.970276,-8.531235,0.25534058
1572432222694,4.539322,-8.366043,0.6839142
1572432222695,2.9926758,-8.289429,1.1436005
1572432222695,3.1291351,-8.272659,1.4763947
1572432222695,3.1291351,-8.433075,1.7014465
1572432222695,3.7660065,-8.64856,1.7924194
1572432222695,4.338211,-8.892761,1.5793457
1572432222695,4.88649,-9.053177,1.3303375
1572432222920,5.5760193,-8.804184,1.4237213
1572432222920,5.8968353,-8.239151,1.4787903
1572432222920,6.1266785,-7.7507324,1.1699371
1572432222921,6.3637085,-7.9207153,1.1436005
1572432222923,7.5727844,-9.476944,1.3183746
1572432222923,10.208801,-11.279785,0.7054596
1572432222923,10.208801,-12.318863,-4.4612274
1572432222923,8.154572,-11.08107,-3.7908478
1572432222923,7.587143,-11.758621,-5.6703033
1572432222923,1.5633392,-13.822418,-3.9129639
1572432222923,0.86183167,-14.253387,0.3223877
1572432223142,0.50749207,-14.076202,2.4819489
1572432223142,0.7445221,-14.10733,3.3127441
1572432223142,2.2887726,-12.338013,1.9648132
1572432223144,2.2887726,-9.730728,-1.0303345
1572432223144,3.852188,-7.0923157,-3.0414734
1572432223144,4.805084,-5.603134,-3.3263855
1572432223144,5.291107,-5.7348175,-2.490799
1572432223144,5.5401,-6.886429,-1.1141357
1572432223144,5.135483,-8.306183,0.6958771
1572432223144,2.547348,-8.768265,2.4340668
1572432223144,1.7859955,-7.7866364,2.8051758
1572432223144,0.57691956,-6.816986,1.4285126
1572432223346,-0.7111511,-6.3285675,-0.29052734
1572432223348,-1.0032501,-6.745163,-1.4565125
1572432223348,0.98153687,-7.3532867,-1.8922577
1572432223348,0.98153687,-7.4466705,-1.9425354
1572432223348,4.328644,-8.002121,-1.949707
1572432223348,7.321396,-9.433853,-5.2441406
1572432223348,10.10585,-9.32132,-4.6431885
1572432223348,14.219086,-8.3875885,-2.2777252
1572432223348,17.817566,-6.9917603,-4.3510895
1572432223348,17.805603,-9.371597,-3.7812805
1572432223549,13.127335,-13.310059,-0.20672607
1572432223551,2.9687347,-16.0634,1.2513428
1572432223551,0.08850098,-17.10727,-0.6855774
1572432223552,-1.6688385,-11.828049,-1.8587341
1572432223552,-2.7510223,-6.9534607,-0.30729675
1572432223552,-2.667221,-3.9918365,1.4524536
1572432223552,-0.81889343,-2.665451,3.5090637
1572432223552,2.6215668,-4.8058624,5.5465393
1572432223552,2.6215668,-9.4075165,4.375763
1572432223552,4.4028625,-11.531174,2.3646393
1572432223773,2.9088745,-10.520813,2.2162018
1572432223774,2.9088745,-9.311752,5.3454285
1572432223774,3.318283,-9.022049,2.2425385
1572432223774,3.9647217,-9.192032,-1.3655243
1572432223774,3.6438904,-9.682846,-1.2003326
1572432223774,3.3877106,-8.978958,-1.0279388
1572432223774,3.969513,-7.860855,-1.2194824
1572432223775,4.326248,-7.6812897,-0.62571716
1572432223775,4.1825867,-8.217606,0.3152008
1572432223775,4.3741302,-8.607849,0.7150421
1572432223775,4.41243,-8.717987,0.90657043
1572432223994,3.986267,-8.670105,1.3973846
1572432223994,2.820282,-8.792206,2.0797272
1572432223994,2.9878845,-9.010086,2.3813934
1572432223994,2.9878845,-9.151337,2.1060638
1572432223994,3.6367188,-9.062744,1.4620209
1572432223994,4.3094788,-9.146545,0.9305115
1572432223994,4.9607086,-9.163315,0.8036194
1572432223994,5.372513,-8.653336,0.8634796
1572432223994,5.7029114,-7.9518433,0.7126465
1572432223994,6.27034,-7.5017242,0.54504395
1572432223995,6.9886017,-8.23436,1.2321777
1572432224222,9.404343,-9.979736,1.1004944
1572432224222,10.888748,-11.502441,-1.2745514
1572432224222,10.517654,-11.236679,-4.1882935
1572432224222,8.453842,-10.623764,-2.4572754
1572432224222,6.8928223,-11.99086,-3.1683655
1572432224222,0.2752533,-13.956497,-2.696701
1572432224222,-0.11260986,-13.707504,0.054229736
1572432224222,-0.031204224,-13.654831,1.9815674
1572432224222,0.93844604,-14.239014,3.0469818
1572432224224,2.6191711,-12.256622,1.715805
1572432224224,2.6191711,-8.959808,-2.320816
1572432224446,4.25441,-6.4698334,-3.3551025
1572432224446,4.927185,-5.804245,-2.1436462
1572432224446,5.468277,-6.378845,-0.87231445
1572432224446,6.045273,-7.0995026,0.1954956
1572432224446,5.6837616,-7.56398,1.8881989
1572432224446,4.321457,-7.6453857,2.1156464
1572432224446,2.2839813,-7.3125916,1.0717773
1572432224446,1.029419,-7.0564117,-1.1716003
1572432224448,0.17948914,-7.3556824,-2.0933685
1572432224448,0.49551392,-7.745941,-1.3415833
1572432224448,2.0565338,-7.7938232,-0.7502136
1572432224448,2.0565338,-7.5759583,-0.8244324
1572432224649,3.8689423,-8.186478,-1.9975891
1572432224649,5.3006897,-8.629395,-3.637619
1572432224650,7.168167,-8.378006,-2.8020477
1572432224650,10.225555,-8.004517,-1.2913055
1572432224650,13.915024,-7.4634247,-1.9353485
1572432224650,15.26535,-6.886429,-4.7389526
1572432224652,13.938965,-12.486465,-1.8060608
1572432224652,8.669327,-16.549423,1.3758392
1572432224652,3.143509,-19.276413,0.099731445
1572432224652,-1.173233,-14.91658,-5.1052704
1572432224876,-1.4126587,-8.418716,-2.0765991
1572432224877,-1.9705048,-5.1075287,0.123672485
1572432224877,-1.0822601,-3.144287,2.8410797
1572432224877,1.6088257,-2.7348785,6.6742096
1572432224877,1.6088257,-6.934311,7.064453
1572432224877,4.479477,-10.642929,4.5792694
1572432224879,3.2249146,-11.105011,3.0254364
1572432224879,3.2249146,-9.424271,2.9105225
1572432224879,3.4140472,-8.315765,4.0214233
1572432224879,2.7149506,-9.022049,0.88023376
1572432224879,2.3366547,-10.341248,-0.7262726
1572432225099,2.8897247,-10.889526,-0.82922363
1572432225099,2.8897247,-9.350052,-1.7533875
1572432225099,3.670227,-8.121826,-2.3064423
1572432225099,3.8378296,-7.97818,-1.1452637
1572432225100,3.9120483,-8.255905,0.20985413
1572432225102,4.354965,-8.356461,1.2824554
1572432225102,4.273575,-8.583908,2.2114105
1572432225102,2.9735107,-8.536026,2.6184235
1572432225102,2.9735107,-8.346878,2.1515503
1572432225102,3.3901062,-8.528839,1.5649719
1572432225102,4.017395,-9.00769,1.3542938
1572432225320,4.618332,-9.52005,1.2082367
1572432225320,5.468277,-9.505676,1.2824554
1572432225321,5.904022,-8.6844635,1.5146942
1572432225321,6.227234,-7.6166534,0.94488525
1572432225322,6.9143677,-7.037262,0.42533875
1572432225322,7.5584106,-8.200836,1.0645905
1572432225322,9.883179,-10.238312,0.96403503
1572432225322,11.3723755,-11.626938,-4.4109497
1572432225322,10.860016,-10.891922,-3.5251007
1572432225322,8.511307,-11.761017,-1.281723
1572432225322,6.5336914,-13.755386,1.0071259
1572432225546,0.6008606,-15.488785,0.45167542
1572432225546,-2.5211792,-15.486389,-1.1716003
1572432225546,-1.4940643,-14.71785,-1.2242737
1572432225549,1.2975769,-12.970093,-0.6855774
1572432225549,1.2975769,-10.796158,-1.2984924
1572432225549,2.7484589,-9.096268,-1.0423126
1572432225549,2.6981812,-7.24794,0.051834106
1572432225549,2.6981812,-5.4044037,0.44688416
1572432225549,4.249634,-5.2368164,0.18351746
1572432225549,5.2264557,-6.785858,0.89938354
1572432225549,4.4866486,-8.124222,1.7541199
1572432225768,2.6072083,-8.231964,0.90896606
1572432225768,1.1802673,-7.516098,-1.0590668
1572432225770,0.20343018,-6.625458,-1.9281616
1572432225771,0.4236908,-6.4075775,-1.4804535
1572432225771,2.2145538,-6.5416565,-0.9345703
1572432225771,2.2145538,-6.7714996,-0.9561157
1572432225771,4.5536957,-7.6094666,-2.2465973
1572432225771,6.7204437,-9.268646,-4.0949097
1572432225771,8.817764,-11.121765,-4.949646
1572432225771,11.614197,-10.176056,-1.652832
1572432225771,15.689117,-8.562363,-1.4325714
1572432225771,16.060226,-10.856003,-2.0023804
1572432225969,12.310898,-11.926224,-2.107727
1572432225969,9.909515,-16.132828,-2.8283844
1572432225969,-0.342453,-14.1241,-2.0861816
1572432225969,-2.2290802,-8.830521,-0.087020874
1572432225969,-2.734253,-5.3756866,1.8522797
1572432225969,-1.9944458,-3.4076538,3.8227081
1572432225969,0.622406,-3.4435577,5.129944
1572432225969,0.622406,-6.812195,4.880951
1572432225969,3.4451752,-9.85762,3.209793
1572432225969,2.7532501,-10.482513,2.4005585
1572432226196,2.3438416,-9.946213,3.1834564
1572432226196,2.3438416,-9.587082,3.5306091
1572432226196,3.5936127,-9.153732,0.19789124
1572432226196,4.6327057,-8.914307,-1.178772
1572432226196,4.3190613,-8.98613,-0.24743652
1572432226196,3.1099854,-8.832901,-0.30010986
1572432226196,3.0860443,-8.368439,-1.0471039
1572432226196,3.0860443,-8.291824,-1.063858
1572432226196,3.4978485,-8.315765,-0.42460632
1572432226196,4.278351,-8.421112,0.2361908
1572432226198,4.5656586,-8.624619,0.9472656
1572432226416,4.436371,-8.717987,1.5865173
1572432226416,4.2065277,-8.7634735,1.9911499
1572432226416,4.0748444,-8.823334,2.1994324
1572432226416,4.2448425,-9.024445,2.2114105
1572432226416,4.685379,-9.271042,1.7014465
1572432226416,5.4634857,-9.132187,0.7988281
1572432226416,5.9447174,-8.356461,0.0015563965
1572432226416,6.148224,-7.085144,-0.22589111
1572432226416,6.358917,-6.5488434,0.28886414
1572432226418,8.6645355,-7.8058014,-1.2913055
1572432226418,14.149658,-9.436249,-2.028717
1572432226641,11.645325,-11.047546,-3.6160736
1572432226641,9.322937,-13.913406,-5.7828217
1572432226641,5.7124786,-15.972412,-0.7693634
1572432226641,1.1539307,-17.940445,-0.33363342
1572432226641,-0.8643799,-17.18628,1.1890869
1572432226641,-2.3128815,-15.723419,1.0047302
1572432226642,-1.331253,-12.208725,-1.1668091
1572432226642,0.33511353,-10.846436,-2.4501038
1572432226643,2.334259,-9.237534,-1.9544983
1572432226643,2.334259,-7.844101,-1.8994293
1572432226643,4.386093,-7.1066895,-1.173996
1572432226861,6.313431,-6.4147644,-1.0207672
1572432226861,7.005356,-6.0939484,-0.5706482
1572432226862,6.3565216,-6.6398163,-0.051116943
1572432226862,1.5537567,-7.5256805,0.6623688
1572432226862,-0.38554382,-7.271881,0.94488525
1572432226862,-1.7478485,-6.405182,0.52589417
1572432226862,-1.7239075,-5.828186,-0.687973
1572432226863,0.8546448,-6.2854767,-1.1931458
1572432226863,0.8546448,-7.214432,-1.2458191
1572432226863,4.1658325,-8.385193,-2.3112335
1572432226863,7.1585846,-10.056351,-8.732483
1572432227088,10.893539,-8.773056,-5.308777
1572432227088,18.136002,-8.217606,-2.5171356
1572432227088,21.44957,-6.5823517,-3.9656372
1572432227088,16.515121,-10.417877,-1.6815643
1572432227088,9.94783,-12.639694,1.0957184
1572432227088,2.475525,-18.27324,4.0501556
1572432227091,-2.6648254,-17.464005,-2.916977
1572432227091,-4.3287964,-10.559128,-2.483612
1572432227091,-4.3287964,-5.732422,0.5426483
1572432227091,-2.8874817,-2.9024658,3.841858
1572432227091,0.1770935,-2.7612152,6.6430817
1572432227311,2.8250732,-6.6206665,5.778778
1572432227311,3.1961823,-10.353226,3.422882
1572432227311,2.6167755,-11.342026,1.7660828
1572432227311,2.9495697,-10.554337,1.5913086
1572432227311,3.0980225,-10.415482,5.419647
1572432227313,3.0980225,-10.046768,1.3638611
1572432227314,4.0030212,-9.563141,-2.2058868
1572432227314,4.4028625,-8.536026,-2.6081238
1572432227314,4.8194427,-7.298218,-1.5929718
1572432227314,5.212097,-7.5256805,-0.6065674
1572432227314,4.896057,-8.524063,0.29125977
1572432227533,4.568054,-9.1345825,0.93530273
1572432227533,4.0509033,-8.98613,1.4045715
1572432227533,3.0597076,-8.64856,2.0246582
1572432227533,2.5617218,-8.351669,2.3861847
1572432227534,2.9256287,-8.363647,2.1204376
1572432227534,2.9256287,-8.92868,1.7253876
1572432227534,3.852188,-9.500885,1.1627502
1572432227535,4.9966125,-9.690033,0.9616394
1572432227535,5.906418,-9.266266,1.0023346
1572432227535,6.01416,-8.203232,0.79403687
1572432227535,6.1506195,-7.1378174,0.25534058
1572432227535,6.701294,-7.420334,0.70306396
1572432227738,9.102676,-9.170486,0.9472656
1572432227738,11.367584,-10.997269,-1.5618439
1572432227741,11.7434845,-11.004456,-3.450882
1572432227741,8.925507,-10.8224945,-2.9121857
1572432227741,6.7036896,-11.768204,-0.7765503
1572432227741,2.1570892,-13.49202,0.21704102
1572432227741,-0.4621582,-14.057053,0.3630829
1572432227741,-1.9705048,-13.9852295,1.3662567
1572432227742,-0.9745178,-14.188736,1.450058
1572432227742,1.3933411,-12.893478,0.61209106
1572432227963,1.3933411,-10.829666,-1.5810089
1572432227963,3.3158875,-8.629395,-3.8483124
1572432227965,4.4076385,-7.7794647,-1.2841187
1572432227965,4.3669434,-6.958252,0.099731445
1572432227965,5.7675476,-7.054016,0.090148926
1572432227965,6.2128754,-7.508911,0.42533875
1572432227965,5.2216797,-7.9494476,1.134018
1572432227965,1.8769684,-7.669327,0.513916
1572432227965,0.7732544,-6.8337555,-1.253006
1572432227965,0.023864746,-6.2447815,-1.8730927
1572432227965,-0.1485138,-6.2878723,-0.86035156
1572432228184,0.56973267,-6.5296783,-0.21151733
1572432228185,1.9727478,-6.927124,-0.2450409
1572432228185,1.9727478,-8.53363,-1.2122955
1572432228185,4.6015778,-11.042755,-6.345459
1572432228185,8.372437,-10.226334,-3.6878967
1572432228185,15.315628,-9.385971,-0.7574005
1572432228185,19.29718,-6.895996,-1.7581787
1572432228185,16.974808,-9.290207,-1.494812
1572432228185,12.768204,-12.077057,-1.4924164
1572432228185,8.781845,-16.731384,-2.2681427
1572432228185,-0.1724701,-15.232605,-1.9736481
1572432228403,-1.4581451,-9.551163,-0.44854736
1572432228404,-2.8204498,-6.0963287,0.8108063
1572432228404,-1.5227966,-4.152237,2.6304016
1572432228404,1.2640533,-3.9918365,4.438019
1572432228404,1.2640533,-6.895996,6.039734
1572432228404,3.5936127,-10.44899,4.8641815
1572432228404,1.9799194,-10.513641,2.972763
1572432228404,1.8602142,-8.88797,1.8522797
1572432228404,2.4731293,-8.217606,1.8211517
1572432228404,2.3989105,-9.551163,2.8410797
1572432228405,2.8250732,-11.095428,1.0765533
1572432228626,2.8250732,-10.628555,-1.5163574
1572432228626,3.6726227,-8.634186,-1.7485962
1572432228626,4.259201,-7.0995026,-0.88668823
1572432228626,4.5010223,-7.303009,0.3726654
1572432228626,4.6039734,-8.588699,0.9185486
1572432228626,4.599182,-8.854462,0.44688416
1572432228626,4.752411,-8.401947,0.36068726
1572432228626,4.4459534,-8.203232,0.99754333
1572432228626,3.0764618,-8.339706,1.9576263
1572432228627,3.0764618,-8.672501,2.7716522
1572432228628,3.4475708,-9.235138,2.6806793
1572432228848,3.9958496,-9.606232,1.7996063
1572432228848,4.49144,-9.649338,1.0095215
1572432228849,4.9846497,-9.072327,0.60969543
1572432228849,5.5808105,-7.7746735,0.23858643
1572432228849,6.148224,-6.4458923,0.21943665
1572432228849,6.6845245,-6.5249023,0.9424896
1572432228849,8.671722,-8.222382,1.9767761
1572432228849,11.824875,-9.792984,0.23139954
1572432228850,13.450546,-11.124161,-4.087738
1572432228850,10.215973,-11.861572,-2.7661285
1572432228850,8.137817,-13.322037,-0.12773132
1572432229070,2.2337036,-15.809616,1.2010651
1572432229070,-3.3495636,-18.129593,-3.4101715
1572432229070,-3.6991272,-17.073746,-1.6456451
1572432229070,-1.8555908,-13.671585,0.07817078
1572432229070,0.124420166,-11.564697,-0.48207092
1572432229070,2.0493622,-9.867203,-0.9920349
1572432229070,3.1554718,-7.8704376,-1.4229889
1572432229071,3.1554718,-5.9718323,-2.4764404
1572432229071,5.8465576,-5.3996277,-0.35757446
1572432229071,6.5217285,-6.00296,0.6264496
1572432229071,6.3708954,-7.3628693,0.82995605
1572432229293,6.4618683,-8.464203,1.0047302
1572432229293,1.8147278,-8.346878,0.7916565
1572432229293,0.023864746,-7.626236,-0.5586853
1572432229293,-1.3839264,-7.429901,-2.3375702
1572432229293,-0.2347107,-7.389206,-2.114914
1572432229293,2.820282,-6.9606476,-1.2194824
1572432229294,2.820282,-6.872055,-1.2003326
1572432229294,5.3318024,-7.4945526,-2.6105042
1572432229295,7.409973,-8.100281,-4.1260376
1572432229295,10.290192,-7.235977,-0.8340149
1572432229295,13.721085,-7.2886505,-0.30490112
1572432229295,16.823975,-6.7738953,-2.866684
1572432229496,17.147186,-10.188019,-3.3263855
1572432229496,11.559128,-13.990021,-1.391861
1572432229496,2.511444,-16.937286,-0.668808
1572432229496,0.92648315,-16.738556,-1.7414093
1572432229497,0.038223267,-10.884735,-1.6600189
1572432229497,-1.3121033,-6.8265686,-0.2881317
1572432229497,-1.4246368,-4.3030853,1.6296234
1572432229497,-0.15090942,-2.9024658,3.7604523
1572432229497,3.239273,-3.6398773,6.2959137
1572432229497,3.239273,-8.219986,5.6303253
1572432229718,5.061264,-11.622147,3.7149658
1572432229718,3.2249146,-11.143311,2.809967
1572432229718,3.2249146,-8.940643,2.6112366
1572432229718,3.8426208,-8.378006,3.3726044
1572432229719,2.4851074,-9.792984,1.0047302
1572432229719,2.2217407,-10.894318,-0.77415466
1572432229719,2.6407318,-10.255066,-2.217865
1572432229719,2.6407318,-8.452225,-2.6703644
1572432229719,3.5146027,-7.6334076,-1.6360779
1572432229719,4.2137146,-7.982971,-0.29771423
1572432229719,4.896057,-8.361252,0.4133606
1572432229944,5.1115417,-8.442657,0.75813293
1572432229944,4.9247894,-8.241547,1.2178192
1572432229944,4.338211,-8.081131,1.825943
1572432229946,3.8737335,-8.186478,2.3981628
1572432229946,3.969513,-8.47139,2.4580078
1572432229946,4.3669434,-8.823334,1.8858032
1572432229946,4.7619934,-9.215973,1.1052856
1572432229946,5.3509674,-9.4075165,0.7653198
1572432229946,5.5999603,-8.885574,0.48280334
1572432229946,5.803467,-7.745941,0.1787262
1572432229946,6.148224,-6.91037,0.19789124
1572432230165,6.828186,-7.7267914,1.1148682
1572432230165,9.37561,-9.44104,1.4404755
1572432230166,11.396317,-10.879944,-1.5450897
1572432230166,11.444199,-11.227112,-4.5091095
1572432230166,8.293442,-11.313293,-2.2202606
1572432230166,7.3573,-12.50322,0.47561646
1572432230166,-0.38793945,-14.770523,-2.1819458
1572432230166,-2.461319,-14.808838,-1.2601776
1572432230166,-1.362381,-14.047485,0.91615295
1572432230166,0.22976685,-13.226273,1.26091
1572432230166,2.2217407,-11.964523,0.39900208
1572432230392,2.2217407,-10.001282,-2.1268768
1572432230394,3.6367188,-7.717209,-3.826767
1572432230394,5.078018,-7.080353,-0.9633026
1572432230394,5.180969,-6.8145905,-0.022384644
1572432230394,6.009369,-7.097107,0.64559937
1572432230394,5.729248,-7.882416,1.0502167
1572432230394,2.5760803,-8.217606,1.711029
1572432230394,1.4579926,-7.626236,0.31759644
1572432230394,0.6655121,-6.848114,-1.8587341
1572432230394,0.39016724,-6.5727844,-2.3543396
1572432230394,1.6543121,-6.51532,-1.312851
1572432230616,2.9926758,-6.6685486,0.10211182
1572432230616,2.9926758,-6.951065,0.78926086
1572432230616,4.512985,-8.512085,-1.7294464
1572432230616,6.1817474,-10.463364,-5.830719
1572432230616,8.9614105,-9.623001,-2.351944
1572432230616,13.596588,-8.978958,-0.25700378
1572432230616,16.43132,-10.116196,-2.4716492
1572432230616,16.187119,-10.506454,-4.3918
1572432230616,13.043533,-13.089798,-2.3591156
1572432230616,1.4508057,-15.469635,-0.48686218
1572432230618,-1.8005219,-11.914246,0.20506287
1572432230837,-3.4381561,-7.710022,0.7054596
1572432230837,-4.1228943,-5.0237274,1.5506134
1572432230837,-2.236267,-4.171402,2.9751587
1572432230837,1.4077148,-5.512146,4.4835052
1572432230837,1.4077148,-8.895157,4.435623
1572432230837,4.0149994,-10.8823395,3.2050018
1572432230837,2.978302,-10.834457,2.3550568
1572432230837,2.5569305,-9.848053,4.0453644
1572432230838,2.5569305,-9.251892,2.4819489
1572432230839,4.0078125,-9.275833,-0.16603088
1572432230839,4.642273,-9.484131,0.2361908
1572432231057,3.969513,-8.926285,0.18112183
1572432231057,3.7971191,-8.1744995,-0.92259216
1572432231057,4.0940094,-7.7076263,-1.1404724
1572432231057,4.436371,-7.722,-0.48924255
1572432231057,4.6159363,-8.193649,0.42294312
1572432231057,4.764374,-8.751511,0.7533417
1572432231057,4.3477936,-8.923889,0.92811584
1572432231057,3.100418,-8.926285,1.3375244
1572432231059,3.100418,-8.902344,1.6942596
1572432231059,3.3302612,-9.000504,2.0246582
1572432231059,3.950348,-9.048386,2.1036682
1572432231283,4.3980713,-9.034027,1.636795
1572432231283,4.8266296,-9.160919,1.1292267
1572432231283,5.429962,-8.933472,0.7461548
1572432231283,5.693329,-8.073944,0.42773438
1572432231283,6.148224,-7.0348663,0.45407104
1572432231283,6.955078,-6.9055786,0.92811584
1572432231283,8.571167,-8.184082,1.2633057
1572432231285,11.166473,-9.256683,-3.2832794
1572432231285,12.143311,-9.515259,-3.7980347
1572432231285,9.856842,-10.580673,-3.388626
1572432231285,7.3956146,-12.70433,-0.10139465
1572432231285,2.6143951,-15.9700165,0.48518372
1572432231482,0.033432007,-17.449646,0.2529602
1572432231482,-1.927414,-17.669907,0.41096497
1572432231482,-0.7949524,-15.026703,-0.9202118
1572432231482,1.0988617,-12.354782,-1.7773285
1572432231482,2.219345,-10.805725,-1.7174683
1572432231485,2.183426,-8.945435,-1.1117401
1572432231485,2.183426,-7.0085297,-1.0614624
1572432231485,3.6295319,-5.5696106,-0.62571716
1572432231485,6.0237274,-6.0316925,-0.106170654
1572432231485,6.2966766,-6.836151,0.8395386
1572432231685,5.564041,-7.650177,1.3351288
1572432231685,1.5489655,-7.7028503,0.49476624
1572432231685,0.88816833,-6.8385315,-0.4653015
1572432231685,0.835495,-6.0723877,-0.9393616
1572432231685,1.4340515,-5.8329773,-0.7262726
1572432231687,2.262436,-5.8976135,-0.7214813
1572432231687,3.1937866,-6.5464478,-0.80288696
1572432231687,3.1937866,-7.5543976,-1.0327301
1572432231687,4.917618,-8.801788,-3.371872
1572432231687,7.6398163,-9.237534,-4.420532
1572432231914,12.193588,-9.141754,-0.5730438
1572432231915,18.626816,-7.626236,-2.7972565
1572432231915,19.778427,-7.3868103,-4.111679
1572432231915,15.531113,-12.515198,-1.3727112
1572432231915,9.131409,-15.230209,-0.9824524
1572432231916,0.98153687,-16.65477,-1.6552277
1572432231916,-0.9577637,-12.220703,-2.5506592
1572432231916,-2.0686646,-7.674118,-1.1093445
1572432231916,-1.7837677,-4.6837616,1.7613068
1572432231916,-0.33766174,-3.2328644,5.0892487
1572432231916,1.795578,-3.9607086,8.122696
1572432232135,1.795578,-7.638199,7.794693
1572432232135,3.3661652,-10.707565,4.868973
1572432232135,2.8609924,-11.375549,2.0462036
1572432232135,2.8609924,-10.367584,1.5458221
1572432232137,3.4571533,-9.986908,2.5466003
1572432232137,2.820282,-10.82489,3.6910248
1572432232137,2.5138245,-10.674042,-1.7031097
1572432232137,2.5138245,-9.424271,-4.9472504
1572432232137,3.4068756,-7.437088,-4.341522
1572432232137,4.4818726,-7.054016,-2.0550537
1572432232137,5.0421143,-7.9326935,-0.103775024
1572432232355,5.298294,-8.674896,0.9305115
1572432232355,5.504196,-8.792206,1.6391907
1572432232355,5.101959,-8.418716,2.122818
1572432232356,4.2615967,-8.102676,2.3311157
1572432232356,3.8019104,-8.140991,2.367035
1572432232356,3.7229004,-8.445053,2.0821228
1572432232356,4.113159,-9.04599,1.6535645
1572432232356,4.467499,-9.60144,1.2848511
1572432232356,4.8888855,-9.266266,0.9185486
1572432232356,5.054077,-8.059586,0.7174225
1572432232356,5.5257416,-6.98938,0.5187073
1572432232580,5.990219,-6.9319153,0.8969879
1572432232580,7.51532,-8.773056,1.8834076
1572432232582,10.548767,-10.82489,1.0119171
1572432232582,11.973328,-11.08107,-2.107727
1572432232582,11.152115,-10.915863,-5.423706
1572432232582,7.6517944,-11.382736,-2.0191498
1572432232582,6.9431,-12.876709,-1.5881805
1572432232582,-0.6537018,-14.95488,-1.9736481
1572432232582,-1.920227,-15.036285,0.33914185
1572432232582,-2.279358,-15.232605,2.173111
1572432232582,-0.45976257,-13.96608,1.8211517
1572432232804,1.3861694,-11.488083,0.35829163
1572432232806,1.3861694,-9.172882,-2.2681427
1572432232806,3.6750183,-7.0037384,-3.0582275
1572432232806,5.1546326,-5.6917114,-0.5371399
1572432232806,6.311035,-5.0907745,0.61209106
1572432232806,6.4906006,-5.167389,0.8634796
1572432232806,6.4355316,-6.4075775,1.0454407
1572432232806,5.868103,-8.097885,0.7485504
1572432232806,2.2600403,-8.248718,0.015930176
1572432232806,0.91929626,-7.4514465,-0.80049133
1572432232806,-0.038391113,-6.8768463,-0.96569824
1572432232807,0.021469116,-6.9295197,-0.8412018
1572432233004,1.52742,-6.9558563,-0.80049133
1572432233004,1.52742,-6.800232,-0.39108276
1572432233004,3.9216156,-8.026062,-2.2992706
1572432233004,6.4307404,-9.582291,-6.3311005
1572432233004,10.517654,-8.2535095,-3.0630188
1572432233004,16.450485,-8.715591,-2.4285583
1572432233004,19.867004,-7.860855,-4.1260376
1572432233004,16.246979,-11.377945,-2.0095673
1572432233004,9.636581,-12.821655,-1.6025543
1572432233005,2.4611664,-14.538284,-0.9249878
1572432233232,1.1371613,-15.814407,-0.027160645
1572432233233,-0.42385864,-12.180008,-0.8244324
1572432233233,-1.6137695,-7.765091,-0.21391296
1572432233233,-1.8627625,-4.8776855,0.9520569
1572432233233,-0.5387726,-3.1945648,2.6806793
1572432233233,2.0948486,-3.3358154,5.7285004
1572432233233,2.0948486,-7.3125916,5.153885
1572432233233,3.8761292,-11.188797,3.264862
1572432233233,2.8825378,-12.017197,2.2688751
1572432233235,2.9950714,-10.061127,2.9895325
1572432233235,3.1818085,-9.098663,3.319931
1572432233432,2.3989105,-9.826508,3.331894
1572432233433,2.2528687,-10.302948,0.3152008
1572432233433,3.0309753,-9.572723,-1.6695862
1572432233433,3.0309753,-8.071548,-1.7988739
1572432233433,3.8234558,-7.4658203,-0.905838
1572432233433,4.433975,-8.248718,-0.16123962
1572432233433,4.975067,-8.765869,0.1452179
1572432233433,5.219284,-8.686859,0.61686707
1572432233435,4.9607086,-8.39238,1.157959
1572432233435,4.2376556,-8.366043,1.4907532
1572432233656,3.1195679,-8.500107,1.8546753
1572432233656,3.1195679,-8.703629,1.8067932
1572432233656,3.555313,-8.883179,1.5122986
1572432233657,4.302307,-9.208801,1.0693817
1572432233657,5.152237,-9.5655365,0.96643066
1572432233657,5.5448914,-8.923889,0.8754425
1572432233657,5.55925,-7.4227295,0.6049042
1572432233657,6.0428925,-6.33815,0.4013977
1572432233659,6.931137,-6.8936005,1.1388092
1572432233659,9.160141,-8.768265,1.1292267
1572432233659,11.267029,-11.282181,-0.4102478
1572432233879,12.145706,-12.539139,-5.2082214
1572432233879,8.923111,-11.995651,-2.9265442
1572432233879,7.91037,-12.649261,0.8251648
1572432233879,0.53382874,-14.911789,-1.2051086
1572432233879,-3.184372,-15.622864,-2.3351746
1572432233879,-3.1364899,-15.127258,-0.3025055
1572432233879,-1.1923981,-14.5191345,0.7365875
1572432233882,2.0254211,-12.682785,-0.32165527
1572432233882,2.0254211,-10.674042,-1.2194824
1572432233882,3.4715118,-7.891983,-2.2322235
1572432233882,4.2999115,-5.741989,-0.91781616
1572432234103,5.971054,-4.911209,-0.113357544
1572432234103,7.1226654,-4.8944397,-0.087020874
1572432234103,6.761139,-6.283081,-0.058288574
1572432234103,2.8801422,-7.8345184,0.5115204
1572432234103,1.5465698,-8.133804,0.6551819
1572432234103,0.4452362,-7.1138763,-0.35757446
1572432234105,-0.040786743,-5.9526825,-1.2003326
1572432234105,0.36384583,-5.68454,-0.80049133
1572432234105,1.1682892,-6.046051,0.082962036
1572432234105,2.9040833,-7.396393,-0.008010864
1572432234105,2.9040833,-9.943817,-3.8842316
1572432234322,7.04126,-11.061905,-7.7460785
1572432234322,13.316467,-9.919876,-1.518753
1572432234322,19.61322,-7.1114807,-0.6592407
1572432234322,20.906097,-4.8896637,-2.6775513
1572432234322,17.037064,-9.804947,-1.3942566
1572432234323,10.390762,-15.057831,-0.25222778
1572432234324,2.092453,-18.55098,0.9807892
1572432234324,-1.5922241,-13.78891,0.20985413
1572432234324,-4.417389,-8.298996,0.4636383
1572432234324,-4.343155,-4.8537445,1.8307343
1572432234324,-2.4086456,-2.9719086,3.4132996
1572432234544,0.49790955,-3.4291992,5.1131897
1572432234544,2.4013062,-8.028458,4.6654663
1572432234544,2.1547089,-11.433014,1.7038422
1572432234544,1.187439,-11.79454,0.8443146
1572432234546,1.7285309,-9.948608,2.4987183
1572432234546,2.5401611,-9.503281,4.189026
1572432234546,3.2751923,-9.366821,0.47322083
1572432234546,3.2751923,-9.290207,-1.2649689
1572432234546,3.8234558,-8.622223,-1.3870697
1572432234546,4.6518555,-7.6286316,-1.1117401
1572432234546,5.1187286,-7.2048492,-0.17800903
1572432234546,5.147461,-7.812973,0.90896606
1572432234748,5.4586945,-8.787415,0.9616394
1572432234748,5.722061,-8.820938,0.60969543
1572432234749,5.3198395,-8.734741,0.99754333
1572432234749,3.0477448,-8.638977,1.9384766
1572432234749,2.8681793,-8.983749,2.2784424
1572432234749,3.0381622,-9.6445465,1.9648132
1572432234749,3.0381622,-10.269424,2.0174866
1572432234750,3.6367188,-10.492096,1.9217072
1572432234750,4.455536,-9.752289,1.1771088
1572432234750,5.0947876,-8.619827,-0.029556274
1572432234977,5.432358,-7.085144,-0.7047272
1572432234977,6.710861,-6.7786865,-0.6568451
1572432234979,10.903122,-7.8656464,-1.355957
1572432234979,13.56308,-10.257462,-1.1524353
1572432234979,12.588638,-11.974106,-2.7110748
1572432234979,9.756287,-14.059448,-2.9935913
1572432234979,6.155411,-14.655609,2.7165833
1572432234979,0.6391754,-15.680328,2.9344635
1572432234979,-2.9784698,-15.5390625,1.0837402
1572432234979,-3.2107086,-13.786514,-4.2864532
1572432234979,-1.6065826,-11.521591,-2.4501038
1572432235175,0.55537415,-10.8224945,-0.9106293
1572432235177,2.5353851,-9.754669,-0.7502136
1572432235177,3.143509,-8.263092,-0.7789459
1572432235177,3.143509,-6.599121,0.27929688
1572432235177,4.587204,-5.6797485,0.51631165
1572432235177,5.6598053,-5.979019,0.9879761
1572432235177,5.7914886,-6.958252,0.9879761
1572432235177,2.2935638,-8.143372,0.75813293
1572432235177,0.14117432,-8.260696,-0.051116943
1572432235178,-0.7446747,-7.2647095,-1.0806122
1572432235402,-0.94818115,-6.678131,-1.4445343
1572432235404,0.9240875,-6.800232,-1.6408539
1572432235404,0.9240875,-7.453842,-1.8036652
1572432235404,4.0030212,-8.579117,-2.4884033
1572432235404,7.405182,-10.204788,-6.146744
1572432235404,10.725937,-9.022049,-2.8164062
1572432235404,15.380264,-8.064362,-1.7581787
1572432235404,18.547806,-5.689316,-3.230606
1572432235404,16.57019,-8.339706,-2.308838
1572432235404,12.286957,-13.125717,0.037475586
1572432235405,6.990982,-16.341125,0.68870544
1572432235625,1.5370026,-15.771301,0.18591309
1572432235625,-1.8819275,-11.028397,-0.7286682
1572432235625,-3.6416626,-7.025284,0.051834106
1572432235625,-3.6105347,-4.2097015,2.220993
1572432235625,-1.9130402,-2.7947235,4.4044952
1572432235625,1.2472992,-4.942337,6.1115723
1572432235625,3.2177277,-9.814529,4.308731
1572432235625,2.6000214,-11.945374,1.6200409
1572432235625,1.9320374,-11.08345,0.9520569
1572432235625,2.4874878,-10.049164,3.3175354
1572432235627,3.198578,-10.185638,4.0094604
1572432235847,3.198578,-9.692429,-0.67359924
1572432235848,4.0437317,-9.10585,-1.336792
1572432235848,4.2927246,-8.176895,-0.50361633
1572432235848,4.9367676,-7.4969482,-0.826828
1572432235848,4.8577576,-7.772278,-0.62571716
1572432235848,4.4698944,-8.361252,-0.0056152344
1572432235848,4.7667694,-8.615036,0.49716187
1572432235848,4.496231,-8.753906,1.1124725
1572432235848,4.0389404,-8.69165,1.715805
1572432235850,3.2871552,-8.741928,2.1156464
1572432235850,3.2871552,-8.9765625,2.2760468
1572432236068,3.6127777,-9.2734375,2.0893097
1572432236068,4.0700684,-9.510468,1.5721588
1572432236068,4.5345306,-9.503281,1.1603546
1572432236068,5.0708466,-8.957413,0.806015
1572432236068,5.5209503,-7.9183197,0.41815186
1572432236068,6.167389,-6.919937,0.21464539
1572432236068,6.9933777,-6.922333,0.7461548
1572432236068,8.803406,-8.538422,1.1148682
1572432236070,11.834457,-10.413086,-2.3399658
1572432236070,12.849594,-10.791367,-2.9744263
1572432236070,9.911911,-11.686798,-3.5370636
1572432236293,6.7707214,-13.041916,0.054229736
1572432236293,1.7548676,-15.072205,0.60969543
1572432236293,-1.5084229,-15.723419,-0.82203674
1572432236293,-2.4014587,-15.285278,-0.24743652
1572432236293,-1.4270172,-14.0642395,0.40856934
1572432236293,1.017456,-12.302109,-0.010406494
1572432236293,3.198578,-10.307739,-2.581787
1572432236295,3.198578,-8.507294,-2.6823425
1572432236295,3.4475708,-7.508911,-0.48207092
1572432236296,4.441162,-6.939087,0.24337769
1572432236296,6.263153,-6.6853027,0.41575623
1572432236296,6.4379272,-6.9774017,0.8347473
1572432236493,3.2991333,-7.733963,0.75094604
1572432236493,1.7357178,-7.954239,-0.16123962
1572432236493,0.9911194,-7.540039,-1.0782166
1572432236493,0.33032227,-6.7595367,-0.54670715
1572432236493,0.31355286,-6.302231,-0.158844
1572432236494,1.1563263,-6.488983,-0.5921936
1572432236494,2.6072083,-7.037262,-0.7190857
1572432236494,2.6072083,-7.9997253,-0.7286682
1572432236494,4.8529663,-9.395538,-3.1444244
1572432236494,7.781082,-10.0204315,-4.973587
1572432236720,11.561523,-8.974167,-2.253769
1572432236720,18.16713,-7.080353,-3.5921326
1572432236720,19.280426,-7.372452,-3.8722534
1572432236720,14.436951,-12.407455,-0.6185303
1572432236720,8.118652,-15.05304,-0.036743164
1572432236725,1.29039,-16.31958,-0.5586853
1572432236725,-1.7741852,-12.409851,-1.8970337
1572432236725,-3.4716797,-8.124222,-0.7190857
1572432236725,-2.935379,-5.1410522,1.5984955
1572432236725,-1.0822601,-3.697342,4.212967
1572432236725,1.8817596,-4.8345947,6.719696
1572432236943,1.8817596,-9.103455,5.929611
1572432236943,3.8330383,-11.571869,3.2504883
1572432236943,2.9567566,-10.70517,1.9648132
1572432236944,2.9567566,-9.096268,2.367035
1572432236945,3.871338,-9.084305,4.138748
1572432236945,4.034149,-9.237534,-0.28096008
1572432236946,3.2991333,-9.548767,-2.0454865
1572432236946,3.2991333,-9.122604,-1.6743774
1572432236946,3.7085419,-8.083527,-1.2027283
1572432236946,3.9359894,-8.109863,-0.21391296
1572432236946,3.1267548,-8.844879,0.9831848
1572432237163,3.1267548,-9.328506,1.6463776
1572432237163,3.452362,-9.208801,1.9001617
1572432237163,3.8306427,-8.914307,2.3311157
1572432237165,3.6510773,-8.595886,2.5226593
1572432237165,3.5936127,-8.495331,2.130005
1572432237165,3.9335938,-8.696442,1.5625763
1572432237165,4.479477,-9.14415,1.134018
1572432237165,4.817047,-9.419495,0.885025
1572432237165,5.1067505,-9.254288,1.4548492
1572432237165,5.6215057,-8.2535095,1.371048
1572432237165,6.299057,-7.3317413,0.72221375
1572432237388,6.8114166,-7.0324707,0.29125977
1572432237388,6.9526825,-7.5496216,0.7557373
1572432237390,7.9917603,-9.340485,1.1699371
1572432237390,10.225555,-10.535187,0.5115204
1572432237390,9.964584,-11.016418,-3.3359528
1572432237391,8.676514,-10.1545105,-3.3191986
1572432237391,7.441101,-11.27739,-3.8866272
1572432237391,2.1116028,-12.460129,-2.2633514
1572432237391,0.040618896,-13.3962555,-0.37911987
1572432237391,-0.30174255,-12.9653015,0.9017792
1572432237391,0.43327332,-13.470474,1.2896423
1572432237609,1.9057007,-15.472031,1.7301788
1572432237610,1.9057007,-13.338791,-1.2266693
1572432237610,4.2089233,-10.065918,-3.2641296
1572432237610,2.9519653,-8.330124,-1.4134064
1572432237610,2.9519653,-7.372452,-0.37911987
1572432237610,3.385315,-6.8265686,0.44448853
1572432237610,4.39328,-6.330963,0.72221375
1572432237610,5.2527924,-6.266327,1.4572296
1572432237618,5.595169,-7.1856995,0.5282898
1572432237618,2.681427,-8.196045,-0.8531647
1572432237618,1.8578186,-7.523285,-1.4469299
1572432237831,1.1012573,-6.4674377,-1.173996
1572432237831,0.8235321,-6.060425,-1.0542755
1572432237831,1.7357178,-6.43631,-1.2122955
1572432237831,1.7357178,-7.3844147,-2.1340637
1572432237831,4.065277,-8.995712,-3.960846
1572432237831,7.4626465,-10.396317,-7.784378
1572432237831,11.159302,-8.492935,-1.7222595
1572432237831,15.557449,-7.602295,-1.233841
1572432237831,15.725037,-5.069229,-2.6943054
1572432237831,13.464905,-9.151337,-0.95851135
1572432237833,9.437866,-12.457733,0.28886414
1572432238056,3.2201233,-16.16156,0.21943665
1572432238056,-0.6465149,-16.353104,-1.9736481
1572432238056,-1.4868774,-10.221542,-1.8084564
1572432238056,-2.042328,-5.868881,0.037475586
1572432238057,-0.797348,-3.8697205,2.335907
1572432238057,2.147522,-4.3557434,4.435623
1572432238057,2.147522,-7.4634247,3.0445862
1572432238057,4.1371,-10.204788,2.3454895
1572432238057,2.7221222,-10.341248,3.1116333
1572432238059,3.100418,-9.146545,3.427658
1572432238059,3.100418,-8.6054535,4.5433655
1572432238059,3.5648804,-8.88797,2.177887
1572432238264,3.99823,-9.654114,-0.28573608
1572432238264,3.9000702,-9.970154,-0.15644836
1572432238264,3.9000702,-8.6054535,-0.6352997
1572432238264,4.2376556,-7.650177,-0.98724365
1572432238264,4.163437,-8.217606,-0.316864
1572432238264,4.125122,-8.885574,0.123672485
1572432238265,4.0868225,-8.943039,0.30801392
1572432238267,4.0988007,-8.78981,0.65278625
1572432238267,2.9376068,-8.794601,1.2058411
1572432238267,2.6239624,-8.962189,1.7684784
1572432238487,3.0525208,-9.156128,2.0964966
1572432238487,3.0525208,-8.847275,2.0102997
1572432238487,3.8689423,-8.6844635,1.7972107
1572432238487,4.6087646,-8.804184,1.5003357
1572432238487,4.999008,-8.993317,1.1986694
1572432238487,5.3389893,-8.773056,0.9305115
1572432238487,6.01416,-8.217606,1.2178192
1572432238489,6.792267,-8.186478,1.4237213
1572432238490,7.867264,-8.282242,0.9903717
1572432238490,8.982971,-9.098663,0.8730469
1572432238490,10.68045,-9.393158,-1.3248291
1572432238710,9.4713745,-9.536804,-5.392578
1572432238710,8.101898,-9.151337,-2.8283844
1572432238710,7.405182,-10.66687,-3.6352234
1572432238710,2.7077637,-12.417023,-2.9432983
1572432238711,1.8530273,-13.642853,-0.089416504
1572432238711,1.1658936,-14.389847,2.1012726
1572432238713,1.7285309,-15.642014,2.6854553
1572432238713,2.432434,-15.670746,1.5266724
1572432238713,2.432434,-12.208725,-1.7749329
1572432238713,4.1059723,-9.215973,-3.4245453
1572432238713,2.8322601,-7.2287903,-2.1460419
1572432238931,2.8322601,-6.0915527,-0.4150238
1572432238931,3.6175537,-6.125061,0.434906
1572432238931,5.2480164,-7.0899353,0.79403687
1572432238931,5.6765747,-7.8393097,0.9688263
1572432238931,5.025345,-8.148163,-0.024780273
1572432238932,2.9447937,-7.8704376,-1.4134064
1572432238932,2.4803162,-6.915146,-1.9928131
1572432238932,1.7812042,-6.275894,-1.4732666
1572432238933,1.3933411,-5.756363,-0.7980957
1572432238933,1.4986877,-6.053238,-0.7933197
1572432238933,2.2408905,-6.864868,-1.470871
1572432239043,2.2408905,-7.733963,-1.233841
1572432239043,3.859375,-9.649338,-4.202652
1572432239043,7.0795746,-9.445831,-4.082947
1572432239043,11.616592,-9.148941,-1.118927
1572432239044,15.037903,-8.792206,-1.5953674
1572432239044,16.026703,-8.990921,-2.945694
1572432239263,14.199936,-11.054733,-2.320816
1572432239263,9.591095,-12.285339,-1.6600189
1572432239263,1.7716217,-15.733002,-0.7861328
1572432239263,-1.1900024,-13.147263,-0.9202118
1572432239263,-2.1117706,-8.674896,-0.21151733
1572432239263,-1.9465637,-5.639038,1.157959
1572432239263,-0.29457092,-4.377304,2.718979
1572432239263,2.4827118,-5.548065,5.0940247
1572432239264,2.4827118,-9.175278,4.696594
1572432239264,2.6431122,-10.439423,3.6096191
1572432239264,2.1618805,-9.424271,2.9631958
1572432239488,3.222519,-8.6006775,2.5585632
1572432239488,3.222519,-9.043594,3.5904694
1572432239488,4.3406067,-9.989304,3.0565643
1572432239488,4.496231,-10.018036,-0.21391296
1572432239488,4.4938354,-9.532013,-0.9633026
1572432239488,4.168228,-8.248718,-1.5331268
1572432239488,4.2017365,-7.7387543,-2.1268768
1572432239489,3.8928986,-8.69165,-1.2386322
1572432239490,3.6247406,-9.079514,0.039871216
1572432239490,3.9168396,-8.8185425,0.8323517
1572432239490,4.2089233,-8.598282,1.4644165
1572432239710,4.065277,-8.595886,2.1324005
1572432239710,3.780365,-8.725174,2.4819489
1572432239710,3.6510773,-8.768265,2.335907
1572432239710,3.6510773,-8.806564,1.9360809
1572432239710,4.3190613,-9.060364,1.2752838
1572432239710,4.3190613,-9.2734375,0.7557373
1572432239711,4.757202,-9.012466,0.88023376
1572432239711,6.0237274,-8.528839,0.78686523
1572432239711,6.5815735,-8.102676,0.40856934
1572432239712,6.6677704,-7.64299,0.070999146
1572432239712,6.504959,-7.939865,0.34153748
1572432239934,7.7475586,-9.69722,0.5570221
1572432239934,9.840088,-10.84404,-3.1420288
1572432239934,9.164917,-10.164078,-3.024704
1572432239934,8.267105,-10.413086,-2.0742035
1572432239934,6.6653748,-11.890305,-0.5586853
1572432239935,2.6550903,-14.114517,0.9616394
1572432239935,0.543396,-14.873474,1.4644165
1572432239935,-0.92663574,-15.026703,1.7780609
1572432239935,-0.26583862,-14.784897,1.2250061
1572432239935,2.729309,-12.565475,0.094940186
1572432239936,2.729309,-10.132965,-2.0742035
1572432240156,3.6271362,-7.753128,-3.7286072
1572432240156,3.8330383,-6.625458,-1.628891
1572432240156,3.6247406,-5.938324,0.7844696
1572432240156,4.836212,-6.4770203,1.2034454
1572432240157,5.3629303,-7.128235,2.3167572
1572432240157,5.0205536,-7.745941,2.687851
1572432240157,1.9942932,-7.9207153,1.0885315
1572432240157,0.69662476,-7.4969482,-1.4996033
1572432240157,-0.2730255,-7.631012,-2.2513885
1572432240157,0.3327179,-7.7818604,-1.5043945
1572432240158,2.4803162,-7.626236,-0.8124695
1572432240379,2.4803162,-7.535248,-0.65444946
1572432240379,4.661438,-7.824951,-1.142868
1572432240379,6.03331,-9.113037,-3.1228638
1572432240380,7.0005646,-9.761856,-3.8124084
1572432240380,9.397156,-8.145767,-0.664032
1572432240380,13.891083,-6.994156,-0.35757446
1572432240380,15.088181,-8.277451,-1.4636841
1572432240380,13.852768,-13.113739,-1.1883545
1572432240380,9.409134,-15.934113,-2.4141846
1572432240380,6.60791,-16.25972,-2.5602264
1572432240381,-0.25386047,-9.946213,-0.8196564
1572432240381,-2.2290802,-6.424347,-0.26179504
1572432240581,-2.3200684,-4.643051,0.9137573
1572432240582,-0.79974365,-4.056473,3.355835
1572432240582,1.9966888,-6.218445,5.541748
1572432240582,1.9966888,-9.749893,6.269577
1572432240582,3.100418,-10.834457,5.311905
1572432240582,2.0278015,-9.924667,3.403717
1572432240582,2.729309,-9.093872,2.0270538
1572432240582,2.729309,-9.453003,1.9193115
1572432240582,2.923233,-10.650101,1.394989
1572432240582,3.1099854,-10.846436,-0.26419067
1572432240803,3.1099854,-9.517654,-1.3511658
1572432240804,3.7947235,-7.836914,-2.1412506
1572432240804,4.321457,-7.2695007,-1.6767731
1572432240804,4.5225677,-7.8345184,-0.1181488
1572432240804,4.8026886,-8.629395,0.9305115
1572432240804,4.977463,-8.969376,1.2010651
1572432240804,4.6997375,-8.775452,1.4620209
1572432240804,4.010208,-8.5264435,1.9672089
1572432240804,3.6079865,-8.64856,2.3766174
1572432240804,3.9000702,-9.014862,2.1036682
1572432240804,4.455536,-9.120209,1.2680969
1572432241032,4.6997375,-9.1393585,0.7198181
1572432241032,5.04451,-8.825729,0.8108063
1572432241032,5.4946136,-8.040421,0.7485504
1572432241032,5.7124786,-7.492157,0.4923706
1572432241032,5.9136047,-7.4155426,0.36547852
1572432241032,6.258362,-8.093094,0.97120667
1572432241033,7.793045,-9.551163,1.292038
1572432241033,9.696442,-10.539978,0.47561646
1572432241033,9.105072,-10.657288,-4.0709686
1572432241033,8.413147,-10.087463,-4.159561
1572432241034,7.4554596,-11.078674,-1.9066162
1572432241252,1.8745728,-13.2621765,-1.8012695
1572432241252,-0.06472778,-13.920593,-0.51797485
1572432241252,-0.18203735,-13.401047,1.3040009
1572432241252,0.7852173,-14.2222595,2.1084595
1572432241252,2.4276428,-14.059448,1.9384766
1572432241252,2.4276428,-11.006836,-1.470871
1572432241253,4.8984528,-8.389984,-4.4444733
1572432241253,5.4108124,-7.5208893,-2.4165802
1572432241253,4.611145,-7.101898,-0.826828
1572432241254,5.054077,-7.080353,-0.053497314
1572432241254,5.3605347,-7.5184937,0.41575623
1572432241475,4.6374817,-7.6453857,1.450058
1572432241475,2.6598816,-7.4586334,1.7924194
1572432241475,1.716568,-7.200058,0.35591125
1572432241475,0.7277527,-6.958252,-1.5522766
1572432241475,0.13638306,-6.8433228,-1.7390289
1572432241476,0.7732544,-6.8696594,-0.7645874
1572432241476,2.2337036,-7.0995026,-0.21151733
1572432241476,2.2337036,-7.611862,-0.56825256
1572432241478,4.0317535,-8.952621,-2.6033325
1572432241478,6.3828583,-10.3173065,-5.4380646
1572432241478,9.370819,-9.024445,-3.2713165
1572432241697,14.429779,-7.5975037,-1.4900208
1572432241697,17.432098,-5.500183,-2.940918
1572432241697,16.49118,-8.583908,-2.7014923
1572432241697,13.239853,-12.601379,-1.5283356
1572432241697,7.625458,-15.42894,-1.3942566
1572432241697,1.4388275,-16.03946,-0.8148651
1572432241698,-0.08866882,-11.464142,-0.09660339
1572432241699,-2.7486267,-7.4873657,0.8419342
1572432241699,-2.6360931,-4.559265,2.687851
1572432241699,-0.63453674,-3.120346,5.6853943
1572432241699,1.898529,-5.01416,8.364502
1572432241922,3.2368774,-9.280624,6.0373383
1572432241922,3.057312,-11.667648,2.6423645
1572432241922,2.7891693,-11.619766,0.7461548
1572432241922,2.7891693,-10.444199,1.9025574
1572432241923,3.306305,-10.571106,4.2345123
1572432241923,3.4571533,-9.986908,-1.4205933
1572432241925,3.677414,-8.969376,-4.3151855
1572432241925,3.773178,-7.5184937,-3.2808838
1572432241925,4.891281,-6.867264,-1.3870697
1572432241925,5.7148743,-7.3604736,-0.10139465
1572432241925,5.504196,-8.196045,0.81559753
1572432242146,5.4970093,-8.787415,1.1531677
1572432242146,5.3078613,-8.627014,1.3758392
1572432242146,4.582428,-8.198441,1.5984955
1572432242146,3.9551392,-8.363647,1.8834076
1572432242146,3.5265808,-8.80896,2.0797272
1572432242148,3.8737335,-9.251892,2.1156464
1572432242148,4.2927246,-9.481735,1.9384766
1572432242148,4.4459534,-9.587082,1.3806152
1572432242148,4.7404327,-9.366821,0.885025
1572432242148,4.9798584,-8.717987,0.885025
1572432242149,5.262375,-8.121826,0.7126465
1572432242368,6.062042,-7.607071,0.43013
1572432242368,7.0963287,-8.320541,1.122055
1572432242369,9.832901,-9.91748,0.2242279
1572432242369,11.393921,-10.111404,-4.5139008
1572432242370,11.499268,-9.769043,-4.2864532
1572432242370,8.535248,-10.956558,-5.344696
1572432242370,5.0397186,-12.117752,-1.5570679
1572432242370,1.9176788,-13.843979,1.0741577
1572432242370,0.56973267,-14.46167,2.304779
1572432242370,0.20103455,-15.227814,3.1714783
1572432242370,0.84028625,-15.005157,2.9440308
1572432242370,2.3629913,-12.349991,0.35591125
1572432242568,2.3629913,-8.931076,-3.6065063
1572432242568,4.180191,-6.5177155,-3.024704
1572432242569,5.164215,-5.7228394,-1.281723
1572432242569,5.8968353,-5.938324,0.13563538
1572432242569,6.3637085,-6.6039124,0.97839355
1572432242569,6.0548553,-7.235977,1.4907532
1572432242569,2.9998474,-7.5735626,1.6463776
1572432242569,1.5633392,-7.219223,0.2026825
1572432242569,0.36862183,-6.704468,-1.5163574
1572432242569,-0.47413635,-6.7427673,-1.7917023
1572432242773,0.3829956,-7.0755615,-1.2410278
1572432242773,2.0349884,-7.4418793,-0.7861328
1572432242775,2.0349884,-7.7866364,-1.0016022
1572432242775,3.409256,-9.034027,-1.7150879
1572432242775,4.6829834,-10.970932,-5.9887238
1572432242775,7.1657715,-9.333298,-3.1180878
1572432242775,13.54631,-8.109863,-0.043930054
1572432242775,17.271698,-6.9845886,-1.2721558
1572432242775,16.539062,-9.893539,-1.6600189
1572432242775,13.42421,-11.825653,-2.241806
1572432242995,9.203232,-15.017136,-0.99920654
1572432242995,0.6200104,-16.700256,0.19070435
1572432242997,-0.74946594,-11.308517,-0.39587402
1572432242997,-2.5187836,-7.006134,-0.9106293
1572432242998,-2.3368225,-4.7148743,0.434906
1572432242998,-0.22512817,-4.0157776,3.0924835
1572432242998,2.6455078,-5.7779083,5.967911
1572432242998,3.143509,-8.890366,3.8083496
1572432242998,2.6718445,-10.276611,2.845871
1572432242998,2.5976257,-9.68045,2.4173126
1572432242998,2.5976257,-8.94783,2.8003845
1572432243221,3.4978485,-9.47934,5.2209167
1572432243223,3.9335938,-9.972549,1.1866913
1572432243223,4.4387665,-10.01564,-0.83880615
1572432243223,4.4986267,-8.9765625,-0.4222107
1572432243223,4.4507446,-7.5687714,-0.9824524
1572432243223,4.5560913,-7.508911,-1.3200378
1572432243223,4.5225677,-8.370834,-0.7861328
1572432243223,4.4746857,-8.39238,-0.089416504
1572432243224,4.7667694,-8.33252,0.51631165
1572432243224,4.515381,-8.406738,1.2202148
1572432243224,3.0309753,-8.686859,2.0294495
1572432243445,3.0238037,-9.00769,2.383789
1572432243445,3.0238037,-9.306961,2.201828
1572432243445,3.591217,-9.402725,1.8905945
1572432243446,4.2017365,-9.287811,1.3111877
1572432243446,4.7715607,-8.962189,1.1412048
1572432243446,5.55925,-8.394775,1.5242767
1572432243446,6.583969,-8.160141,1.5482178
1572432243446,7.9295197,-8.203232,1.0334625
1572432243446,8.779465,-8.902344,1.1651459
1572432243446,10.6493225,-9.481735,-0.26179504
1572432243448,11.516037,-9.373993,-5.9073334
1572432243670,9.540817,-8.796997,-3.079773
1572432243670,8.789032,-10.006073,-2.5243225
1572432243670,3.0621033,-11.679611,-2.2609558
1572432243670,2.4946747,-13.247818,0.4013977
1572432243670,1.6447296,-14.485611,1.3255615
1572432243670,0.8714142,-17.162338,2.3622437
1572432243670,0.4117279,-19.2836,0.71025085
1572432243670,0.3734131,-15.309219,-3.9512634
1572432243670,0.62719727,-10.982895,-3.1803284
1572432243672,0.49073792,-7.8225555,-0.67359924
1572432243672,2.4515839,-5.0069733,0.7054596
1572432243889,2.4515839,-3.3549805,-0.80049133
1572432243890,7.91037,-5.337372,-0.13729858
1572432243890,9.162537,-7.5208893,0.33914185
1572432243890,7.4506683,-7.9757843,0.7557373
1572432243890,1.9488068,-7.1976624,0.47561646
1572432243890,0.5505829,-6.67334,0.58335876
1572432243890,-0.5196228,-6.211258,0.27690125
1572432243890,-0.29936218,-5.9886017,-0.4102478
1572432243892,1.6160126,-6.433914,-0.826828
1572432243892,1.6160126,-7.2527313,-1.4110107
1572432243892,4.862549,-8.49054,-3.1970978
1572432243893,9.196045,-9.1393585,-3.843521
1572432244090,13.685181,-8.864029,-0.54670715
1572432244090,16.843124,-7.2838593,-1.8060608
1572432244090,19.359436,-3.8050842,-3.9440765
1572432244090,17.671524,-10.336472,-1.1883545
1572432244090,10.429062,-13.436951,-0.4605255
1572432244090,1.9057007,-17.418518,-1.0686493
1572432244091,-1.4318085,-16.788834,-1.0614624
1572432244091,-3.0383148,-11.205566,-0.24024963
1572432244091,-3.94812,-6.5799713,1.1723328
1572432244091,-3.0383148,-3.6159363,3.2600708
1572432244294,0.062164307,-2.7612152,6.070862
1572432244294,2.8657837,-6.0556335,6.9040527
1572432244294,3.2727966,-10.077896,4.830673
1572432244294,2.5928345,-11.186401,2.5777283
1572432244294,2.9830933,-10.674042,1.9504395
1572432244294,2.9830933,-10.295761,4.351822
1572432244296,3.6247406,-10.35083,4.61998
1572432244296,3.8330383,-9.860016,-0.54670715
1572432244296,4.352585,-9.4075165,-2.131668
1572432244296,3.4667206,-8.205627,-2.9026031
1572432244499,3.6510773,-7.393997,-3.5610046
1572432244499,4.247238,-8.018875,-1.8922577
1572432244499,4.769165,-8.435471,-0.10139465
1572432244499,5.3629303,-8.581512,0.8826294
1572432244499,5.255188,-8.423492,1.4237213
1572432244499,4.350189,-8.1744995,1.6583557
1572432244501,3.9335938,-8.248718,1.6846924
1572432244501,3.8641663,-8.53363,1.4883575
1572432244501,4.460312,-8.84967,1.3279572
1572432244501,4.879303,-8.84967,1.1962738
1572432244715,4.6351013,-8.756287,1.10289
1572432244716,4.6710052,-8.86882,1.4213257
1572432244716,5.200119,-8.931076,1.9312897
1572432244716,5.8728943,-9.120209,1.8163605
1572432244716,6.7539673,-9.043594,1.2944336
1572432244716,7.2375946,-9.1106415,1.41893
1572432244717,8.824951,-9.476944,1.4476624
1572432244717,10.373993,-8.907135,0.2864685
1572432244717,9.799393,-9.225555,-7.0158386
1572432244717,8.779465,-9.642151,-3.7764893
1572432244717,7.809799,-11.387527,-0.585022
1572432244938,1.6231842,-14.26535,-1.2266693
1572432244938,0.34707642,-15.062622,0.31999207
1572432244938,0.038223267,-15.098541,2.3095703
1572432244938,0.059768677,-14.966858,1.8139801
1572432244938,2.061325,-12.618134,-0.31446838
1572432244940,2.061325,-10.051559,-3.7381744
1572432244940,4.2855377,-8.15535,-3.261734
1572432244940,4.6135406,-6.4985657,-1.178772
1572432244940,5.348572,-5.5169373,-0.19715881
1572432244940,6.342163,-5.868881,0.65997314
1572432244940,6.1506195,-7.1665497,0.27211
1572432245163,2.9040833,-8.231964,1.2321777
1572432245163,1.2712402,-8.045212,1.3782349
1572432245163,0.11723328,-7.159363,0.063812256
1572432245163,-0.8380585,-6.7164307,-0.8435974
1572432245166,-0.7063751,-6.9007874,-1.3703156
1572432245166,1.21138,-7.219223,-1.1356812
1572432245166,1.21138,-7.358078,-0.7214813
1572432245166,3.9288025,-7.556793,-1.5402985
1572432245166,6.246399,-8.413925,-3.103714
1572432245166,8.003738,-9.182465,-3.9704132
1572432245166,10.244705,-8.787415,-1.9736481
1572432245387,13.275772,-8.339706,-1.0207672
1572432245388,15.4951935,-6.855301,-3.3742676
1572432245388,16.416962,-11.863968,-2.933731
1572432245390,11.470535,-12.5941925,-2.1244812
1572432245390,2.420456,-15.498367,-1.2841187
1572432245390,0.9360504,-16.084946,-1.0207672
1572432245390,-0.67045593,-10.987686,-0.18278503
1572432245390,-1.8843231,-6.6853027,0.46603394
1572432245390,-1.6042023,-4.0588684,1.6248322
1572432245390,0.8833771,-3.5321503,3.750885
1572432245390,0.8833771,-5.555252,4.9551697
1572432245611,3.99823,-8.72757,2.9536133
1572432245612,4.840988,-10.470535,1.9959259
1572432245614,3.1243591,-9.706787,3.027832
1572432245614,3.1243591,-8.476166,4.023819
1572432245614,4.029358,-8.706009,3.762848
1572432245614,2.7508545,-9.962967,1.6655273
1572432245614,2.408493,-10.64772,0.9592438
1572432245614,2.4396057,-10.104233,-0.034347534
1572432245614,2.8226776,-8.722778,-1.8994293
1572432245614,2.8226776,-8.009308,-2.4165802
1572432245614,3.4475708,-8.270264,-0.984848
1572432245836,4.4986267,-8.627014,0.21464539
1572432245838,5.1666107,-8.49054,0.6288452
1572432245838,4.9726715,-8.045212,0.7461548
1572432245839,4.33342,-7.8225555,1.0550079
1572432245839,4.034149,-8.030853,1.3279572
1572432245839,4.065277,-8.45462,1.6559601
1572432245839,4.539322,-8.725174,1.9719849
1572432245839,5.1546326,-8.799393,1.7205963
1572432245839,5.135483,-9.156128,0.8730469
1572432245839,5.4036407,-9.517654,0.5402527
1572432245839,5.5975647,-9.515259,1.2776794
1572432246055,5.267166,-8.782623,1.4596252
1572432246055,5.7867126,-8.354065,0.89938354
1572432246055,6.7348022,-9.611023,1.0837402
1572432246055,9.277451,-10.820099,0.24816895
1572432246055,9.050003,-11.107407,-1.1069489
1572432246055,8.377228,-10.415482,-4.851486
1572432246055,7.915146,-10.329285,-0.984848
1572432246055,7.625458,-12.5894165,-0.22109985
1572432246055,0.016677856,-14.763351,-0.71191406
1572432246055,-2.109375,-14.545471,0.63124084
1572432246057,-2.0351562,-13.901428,1.5218811
1572432246057,0.51945496,-12.383514,1.1124725
1572432246259,2.0756989,-11.33725,-0.4724884
1572432246259,2.9495697,-9.294983,-3.0175323
1572432246259,2.9495697,-7.796219,-2.3423615
1572432246259,3.6175537,-6.9654236,-0.082229614
1572432246259,4.759598,-6.8529053,0.138031
1572432246259,5.825012,-7.164154,1.1196594
1572432246259,5.3198395,-7.8058014,0.84910583
1572432246259,1.6112213,-8.473785,0.78686523
1572432246260,0.15075684,-7.9973297,-0.30490112
1572432246260,-0.4908905,-7.133026,-1.281723
1572432246486,-0.4908905,-6.536865,-1.2984924
1572432246486,2.5018616,-6.3884277,-1.0734406
1572432246486,2.5018616,-6.567993,-0.74542236
1572432246486,4.9535217,-7.2407684,-0.6855774
1572432246486,6.567215,-8.366043,-2.7086792
1572432246486,7.3764496,-9.867203,-3.1492004
1572432246486,9.275055,-9.867203,-1.6815643
1572432246486,13.74025,-7.3916016,-2.1771545
1572432246488,16.400208,-5.5863647,-5.6200256
1572432246488,15.306046,-10.477722,-3.941681
1572432246489,10.701996,-13.168808,-0.28334045
1572432246711,2.978302,-14.825592,1.3135834
1572432246711,0.5745239,-15.778488,-0.36235046
1572432246711,-1.041565,-11.916641,-2.241806
1572432246711,-2.3296356,-7.4586334,-0.5562897
1572432246711,-2.1764069,-4.769943,0.90896606
1572432246711,0.11723328,-3.7117157,2.6375732
1572432246711,0.11723328,-5.0357056,5.7141266
1572432246713,3.3637695,-9.38118,5.5225983
1572432246713,4.7955017,-11.308517,3.81073
1572432246713,4.2807465,-10.044373,2.8315125
1572432246713,3.6510773,-8.622223,3.0924835
1572432246929,4.4220123,-8.832901,4.078888
1572432246929,4.354965,-9.268646,-0.24743652
1572432246929,2.8657837,-10.159302,-2.0191498
1572432246930,2.8657837,-9.661301,-3.2473755
1572432246930,2.8657837,-8.339706,-2.7326202
1572432246930,3.5960083,-7.9374695,-0.8196564
1572432246932,4.204132,-8.009308,0.35351562
1572432246932,4.879303,-8.126617,0.8323517
1572432246932,5.214493,-8.179291,1.0621948
1572432246932,5.0205536,-8.050003,1.3662567
1572432246933,4.5321503,-7.8895874,1.4620209
1572432247156,4.290329,-8.088318,1.612854
1572432247156,4.1059723,-8.368439,2.0055084
1572432247156,4.4507446,-8.686859,2.015091
1572432247157,4.714096,-8.981354,1.426117
1572432247157,4.843384,-9.093872,0.98558044
1572432247159,4.812271,-8.753906,0.77249146
1572432247159,4.812271,-7.710022,0.34872437
1572432247159,5.492218,-7.317383,0.6072998
1572432247159,7.251953,-8.854462,1.608078
1572432247159,10.041199,-11.085846,1.8690338
1572432247159,10.9414215,-11.856781,-0.9273834
1572432247378,11.700378,-11.370758,-5.210617
1572432247378,9.081131,-11.875946,-2.490799
1572432247378,2.262436,-13.568634,-4.5569916
1572432247378,-1.8364258,-15.225433,-3.960846
1572432247380,-2.1764069,-14.150436,0.99993896
1572432247380,-1.757431,-13.345978,2.9464264
1572432247380,0.34947205,-12.496033,1.7325745
1572432247380,2.068512,-11.471313,-0.53952026
1572432247380,2.068512,-9.395538,-2.8714752
1572432247380,3.3877106,-7.0635986,-2.969635
1572432247380,5.3988495,-6.527298,-0.5586853
1572432247380,6.7635345,-6.544052,-0.2593994
1572432247582,6.761139,-6.934311,0.015930176
1572432247582,5.915985,-7.966202,0.1452179
1572432247584,2.870575,-8.263092,0.9544525
1572432247584,1.8578186,-7.7076263,-0.16842651
1572432247584,1.2185669,-6.704468,-1.4636841
1572432247584,0.9216919,-5.840149,-0.9561157
1572432247584,1.2927856,-5.7348175,0.106903076
1572432247584,2.2217407,-6.457855,0.53308105
1572432247584,2.2217407,-8.164932,-0.18518066
1572432247584,3.7683868,-10.01564,-4.4109497
1572432247802,7.08197,-10.176056,-6.917679
1572432247802,11.803329,-7.710022,-2.4453125
1572432247804,16.579773,-6.3596954,-1.2386322
1572432247804,16.347534,-4.485031,-2.7254333
1572432247804,13.972488,-10.022827,-1.4852295
1572432247804,9.500107,-14.449707,0.782074
1572432247804,0.96717834,-15.529495,0.70306396
1572432247804,-1.2235107,-15.584564,-0.8412018
1572432247804,-2.5211792,-11.775375,-2.4477081
1572432247804,-1.9872742,-7.4418793,0.109298706
1572432247804,-1.1062012,-5.009369,1.1316223
1572432248005,0.95280457,-4.4060364,2.8841858
1572432248006,0.95280457,-6.046051,3.9065094
1572432248006,3.6007996,-9.127396,2.1563416
1572432248006,3.1315308,-10.671661,2.5035095
1572432248006,3.1075897,-10.279007,3.489914
1572432248006,3.1075897,-9.46019,5.400482
1572432248006,4.4028625,-9.532013,4.2153625
1572432248006,4.410034,-9.55835,0.30801392
1572432248006,3.9264069,-9.371597,0.07817078
1572432248006,3.8162842,-8.435471,-1.1548309
1572432248233,4.8146667,-7.4825745,-2.3471527
1572432248235,5.0947876,-7.7196045,-1.549881
1572432248235,5.212097,-8.528839,-0.2881317
1572432248235,4.6925507,-8.852066,0.70066833
1572432248235,4.381302,-8.69165,1.1292267
1572432248236,3.8785248,-8.344498,1.4596252
1572432248236,3.5241852,-8.208023,1.8187561
1572432248236,3.6079865,-8.485748,2.0294495
1572432248236,4.1490784,-8.88797,1.7924194
1572432248236,4.922394,-9.089081,1.3471069
1572432248236,5.4634857,-9.366821,1.1986694
1572432248451,5.9327545,-9.156128,1.0047302
1572432248451,5.9255676,-8.188873,0.6551819
1572432248451,6.306244,-7.2886505,0.45646667
1572432248451,6.7874756,-7.7626953,0.9305115
1572432248451,8.458633,-9.788193,1.1052856
1572432248451,10.247101,-11.552719,0.6408081
1572432248451,10.053177,-11.291748,-1.8491516
1572432248451,7.9917603,-10.748276,-4.968796
1572432248451,6.263153,-10.690811,-0.35757446
1572432248451,2.384552,-12.821655,-0.015197754
1572432248452,-1.4006958,-14.016357,-0.43418884
1572432248675,-2.2290802,-14.030716,0.8538971
1572432248675,-0.57948303,-14.413788,1.3878021
1572432248675,1.8075409,-13.590179,1.9815674
1572432248675,3.0238037,-11.512024,0.8179779
1572432248675,3.0238037,-8.971771,-1.4684753
1572432248675,3.3087006,-6.386032,-3.3335571
1572432248675,5.686142,-5.9167633,-0.585022
1572432248675,6.354126,-6.2854767,0.5713806
1572432248675,6.6007385,-6.6565857,1.1627502
1572432248676,6.294281,-7.6717224,2.1491547
1572432248676,1.1611023,-8.219986,1.9360809
1572432248895,0.11723328,-7.812973,-0.8914795
1572432248895,-0.82847595,-7.607071,-2.4644623
1572432248895,-0.63453674,-7.552017,-1.9664764
1572432248895,1.5370026,-7.334137,-1.2266693
1572432248895,1.5370026,-7.1952667,-0.9106293
1572432248895,3.5265808,-7.552017,-0.9273834
1572432248895,4.999008,-8.717987,-2.4381256
1572432248895,7.058029,-9.476944,-3.4365082
1572432248896,10.378784,-9.47934,-1.0997772
1572432248896,14.628494,-8.607849,-0.32644653
1572432248896,16.6875,-7.370056,-3.2473755
1572432249119,16.512726,-12.282959,-3.0031586
1572432249120,10.575104,-13.53273,-2.7230377
1572432249120,2.5736847,-13.602158,-1.9712524
1572432249120,-1.3168945,-11.763412,-1.2003326
1572432249120,-1.7981262,-9.091476,-0.3360138
1572432249120,-1.0511322,-6.4387054,0.34632874
1572432249120,-0.5315857,-4.317444,1.8762207
1572432249121,1.9272461,-3.9487305,3.8681946
1572432249121,1.9272461,-7.207245,5.0461426
1572432249121,4.2807465,-11.037964,5.754822
1572432249121,4.721283,-10.939804,4.28479
1572432249121,3.99823,-8.603058,2.9105225
1572432249321,4.029358,-7.915924,3.0637512
1572432249321,4.249634,-9.010086,0.6791229
1572432249321,2.2648315,-9.845657,-0.9680939
1572432249321,1.6950073,-9.678055,-0.8124695
1572432249321,2.3270874,-9.120209,-1.3679199
1572432249322,2.3270874,-8.734741,-1.652832
1572432249322,3.5337677,-8.624619,-0.82922363
1572432249322,4.6997375,-8.485748,0.3798523
1572432249322,5.473068,-8.4665985,1.3614655
1572432249322,5.516159,-8.61264,1.9384766
1572432249545,5.0588684,-8.658127,1.9815674
1572432249545,4.618332,-8.775452,1.9887543
1572432249545,4.192169,-8.98613,2.1611328
1572432249545,4.1969604,-9.22316,2.165924
1572432249545,4.273575,-9.36203,1.8714294
1572432249546,4.1969604,-9.4865265,1.3255615
1572432249546,4.5848236,-9.333298,0.5857544
1572432249546,5.097168,-8.696442,-0.063079834
1572432249546,5.626297,-7.5376434,0.049453735
1572432249546,6.741989,-6.7308044,0.3223877
1572432249546,7.697281,-7.7938232,0.58813477
1572432249771,10.527222,-9.661301,-2.5482635
1572432249771,12.7873535,-9.443436,-2.5530548
1572432249771,9.346878,-10.19281,-2.5315094
1572432249771,7.187317,-11.363586,0.35591125
1572432249773,6.452301,-14.088181,1.9791718
1572432249773,1.637558,-16.898972,1.2058411
1572432249773,-0.71354675,-18.656311,-1.1452637
1572432249773,-0.31851196,-16.391403,-3.6352234
1572432249773,-0.55792236,-13.345978,-1.4780579
1572432249773,1.3933411,-11.188797,-1.0447083
1572432249773,2.2313232,-9.369202,-0.7286682
1572432249992,2.0804749,-7.954239,-0.589798
1572432249992,2.0804749,-5.8497314,-0.529953
1572432249992,4.0868225,-4.037323,0.20028687
1572432249994,6.8329773,-4.8776855,1.6104736
1572432249994,5.8345947,-6.029297,2.8578491
1572432249994,5.022949,-7.214432,2.4197083
1572432249994,1.4029236,-7.777069,1.1890869
1572432249995,-0.34724426,-7.5184937,-0.53234863
1572432249995,-1.3264618,-7.9255066,-2.1268768
1572432249995,0.46440125,-8.107468,-2.2633514
1572432249995,0.46440125,-7.9805756,-2.0502625
1572432250217,3.4308167,-7.832138,-2.2034912
1572432250218,5.5975647,-8.102676,-2.3663025
1572432250220,7.6015167,-9.503281,-5.7828217
1572432250220,9.660522,-8.150558,-2.1795502
1572432250220,14.585403,-7.9805756,-1.1261139
1572432250220,16.72821,-8.514481,-3.371872
1572432250220,14.568634,-13.051498,-2.8092346
1572432250220,8.994934,-13.628494,-2.5243225
1572432250220,5.882477,-16.805603,-0.42460632
1572432250220,1.108429,-13.731445,0.67433167
1572432250220,-2.102188,-8.950226,0.4492798
1572432250440,-3.323227,-5.8545227,0.45646667
1572432250443,-2.1764069,-3.8218384,2.2162018
1572432250443,0.64157104,-3.5680542,4.517029
1572432250443,0.64157104,-6.4746246,6.039734
1572432250443,3.7851562,-10.01564,4.2033844
1572432250443,3.1027985,-10.925446,2.153946
1572432250443,3.1027985,-10.099442,1.9336853
1572432250443,3.476303,-9.843262,4.078888
1572432250443,4.33342,-9.745102,0.53308105
1572432250443,2.7819824,-9.802567,-1.5043945
1572432250443,2.7819824,-8.8975525,-1.4205933
1572432250661,4.0437317,-7.7555237,-1.2625732
1572432250661,5.109146,-7.5663757,-1.0877991
1572432250661,4.896057,-7.851288,-0.17800903
1572432250661,5.1306915,-8.160141,0.4923706
1572432250661,5.1690063,-8.265488,0.87065125
1572432250661,4.8984528,-8.205627,1.3638611
1572432250661,4.25441,-8.1744995,1.7900238
1572432250661,3.6343231,-8.265488,2.1587372
1572432250661,3.6989594,-8.725174,2.0797272
1572432250661,4.180191,-9.022049,1.3207703
1572432250663,4.769165,-9.170486,0.67193604
1572432250882,5.61911,-8.995712,0.9424896
1572432250882,5.942322,-8.219986,1.2393646
1572432250882,6.4115906,-7.5065155,1.0813446
1572432250882,7.3118134,-7.417938,1.3638611
1572432250882,8.573563,-8.624619,1.6990509
1572432250882,11.219147,-9.450607,-1.355957
1572432250882,11.365189,-10.046768,-6.0461884
1572432250882,9.203232,-10.573486,-3.2234344
1572432250882,7.8217773,-12.876709,-1.9377441
1572432250884,1.7453003,-15.835953,-1.9952087
1572432250884,0.6894531,-16.219025,0.45407104
1572432250884,-0.25386047,-16.944458,2.6567383
1572432251086,-0.4501953,-16.769684,1.5003357
1572432251086,1.958374,-12.764191,-2.5889587
1572432251086,1.958374,-9.864807,-4.2553253
1572432251086,2.6718445,-7.963806,-1.9473114
1572432251086,2.6718445,-5.900009,-0.75260925
1572432251086,3.4978485,-4.2958984,-0.7980957
1572432251087,6.0524597,-5.227234,0.020721436
1572432251088,6.09317,-6.927124,1.1962738
1572432251088,4.946335,-7.626236,2.438858
1572432251088,1.4603882,-7.607071,2.2114105
1572432251291,-7.6293945E-5,-7.1665497,-0.060684204
1572432251291,-0.90509033,-7.259918,-1.3751068
1572432251291,-0.38075256,-7.508911,-1.178772
1572432251291,2.3366547,-7.461029,-1.2482147
1572432251291,2.3366547,-7.6238403,-1.7438049
1572432251291,5.8537445,-8.140991,-2.7326202
1572432251291,9.198441,-9.577499,-6.3694153
1572432251293,12.227112,-8.931076,-2.2322235
1572432251293,16.400208,-7.1785126,-1.6576233
1572432251293,19.73053,-5.334976,-3.6280518
1572432251518,16.778488,-10.987686,-0.42700195
1572432251518,8.808182,-12.879105,0.116485596
1572432251518,1.7620544,-15.627655,-1.5666351
1572432251518,-1.441391,-16.420135,-4.614456
1572432251518,-1.5682831,-11.217529,-1.7102966
1572432251518,-2.121338,-6.855301,0.31280518
1572432251518,-1.010437,-3.8410034,2.9464264
1572432251520,1.4651642,-2.6606598,6.623932
1572432251520,1.4651642,-5.251175,7.5361176
1572432251520,3.7300873,-9.254288,5.3454285
1572432251520,4.4746857,-11.421036,2.7884064
1572432251737,3.6606598,-10.84404,2.1324005
1572432251738,3.749237,-9.524826,4.268036
1572432251738,4.7404327,-9.46019,2.9679718
1572432251738,2.8322601,-9.611023,-0.78134155
1572432251738,1.9799194,-9.974945,-2.2513885
1572432251738,3.1554718,-9.031631,-3.6663513
1572432251740,3.1554718,-7.9087524,-2.6584015
1572432251740,4.6135406,-7.89917,-0.68078613
1572432251740,5.262375,-8.188873,0.33914185
1572432251740,5.2025146,-8.363647,0.9472656
1572432251740,5.097168,-8.275055,1.6439819
1572432251967,4.836212,-8.07634,2.2640839
1572432251967,4.433975,-8.164932,2.50589
1572432251967,3.9814758,-8.39238,2.4197083
1572432251967,4.180191,-8.706009,2.0845184
1572432251967,4.4746857,-9.247101,1.3518982
1572432251968,4.6949463,-9.575104,0.8395386
1572432251968,5.101959,-9.103455,0.67193604
1572432251968,5.6598053,-8.102676,0.6408081
1572432251968,6.416382,-7.212036,0.434906
1572432251968,7.271103,-7.7315826,1.0693817
1572432251968,9.626999,-9.036423,-8.392334E-4
1572432252187,11.896713,-9.469772,-3.9512634
1572432252187,12.3372345,-10.061127,-3.6735382
1572432252187,8.875229,-11.440201,-2.7493744
1572432252187,6.0548553,-13.537521,-0.585022
1572432252189,2.0565338,-15.7521515,0.4923706
1572432252190,-0.3639984,-16.724197,2.153946
1572432252190,-1.6137695,-17.329926,2.0126953
1572432252190,-0.057540894,-14.085785,-1.76297
1572432252190,2.0086517,-10.779388,-3.2713165
1572432252190,2.4898834,-8.835297,-1.5690308
1572432252190,2.820282,-7.2048492,-0.49642944
1572432252407,2.820282,-5.1817474,-0.5562897
1572432252408,5.63826,-4.923172,-0.35757446
1572432252408,6.847336,-5.979019,1.1699371
1572432252409,5.803467,-7.159363,1.8115845
1572432252409,2.6910095,-8.066757,1.8379211
1572432252409,0.9049225,-7.693268,1.2034454
1572432252409,-0.39512634,-7.1856995,-0.5084076
1572432252409,-0.071899414,-7.085144,-1.9568939
1572432252409,2.4874878,-6.7188263,-2.0933685
1572432252409,2.4874878,-6.591934,-1.6911316
1572432252409,4.3477936,-7.7315826,-1.0087891
1572432252409,5.7005157,-9.338089,-2.6536102
1572432252615,7.2304077,-10.003677,-4.4109497
1572432252616,10.093872,-9.062744,-0.905838
1572432252616,14.618912,-8.694046,-1.3727112
1572432252616,15.605331,-6.5416565,-5.229767
1572432252617,14.908615,-10.264633,-3.8147888
1572432252617,10.934235,-12.97966,-1.281723
1572432252617,7.0149384,-16.860672,1.5386353
1572432252617,0.6870575,-14.555054,1.0550079
1572432252617,-1.9489594,-9.091476,-0.4940338
1572432252617,-3.263382,-5.5408783,0.7198181
1572432252844,-1.8292542,-3.455536,2.8578491
1572432252847,0.7780304,-3.6710052,4.035797
1572432252847,2.8370514,-7.772278,3.7460938
1572432252847,3.160263,-11.011627,2.8267212
1572432252847,2.7700043,-10.820099,3.0685425
1572432252847,3.2871552,-9.412308,3.4635773
1572432252847,3.2871552,-9.34288,4.6630707
1572432252847,3.397293,-9.769043,2.0055084
1572432252847,3.7875519,-9.888748,0.26252747
1572432252847,4.2065277,-9.450607,0.063812256
1572432252847,4.6877594,-8.2966,-1.5474854
1572432253060,5.1785736,-7.3604736,-2.8164062
1572432253060,5.5137634,-7.310196,-1.7940826
1572432253060,5.6550293,-7.6717224,-0.66641235
1572432253060,5.6550293,-7.8967743,0.030288696
1572432253060,5.4634857,-7.9685974,0.4708252
1572432253060,4.855362,-8.078735,1.0717773
1572432253060,3.974289,-8.457016,1.7948151
1572432253060,3.5409393,-8.737137,2.2545013
1572432253060,3.811493,-8.823334,1.9504395
1572432253060,4.467499,-8.744324,1.3854065
1572432253062,5.0708466,-8.557571,1.2178192
1572432253286,5.4108124,-8.325333,1.4213257
1572432253286,5.7914886,-7.961426,1.715805
1572432253286,6.2846985,-8.042816,1.7996063
1572432253286,7.1849213,-9.036423,1.9911499
1572432253286,9.040421,-10.3125305,1.6439819
1572432253286,10.342865,-10.279007,0.5067444
1572432253286,8.903961,-10.221542,-6.405319
1572432253286,7.029297,-10.199997,-4.8251495
1572432253287,2.8897247,-12.72348,-7.130768
1572432253289,0.62480164,-14.878265,-2.6847382
1572432253289,0.4739685,-14.79686,1.8307343
1572432253510,0.43806458,-15.249374,3.4516144
1572432253510,0.7445221,-15.8311615,2.6399689
1572432253510,0.7445221,-12.737854,-0.7047272
1572432253510,3.48349,-9.098663,-5.2872314
1572432253510,5.5999603,-7.180908,-3.4293213
1572432253510,4.891281,-5.531311,-1.312851
1572432253510,5.7029114,-4.8609314,-0.35757446
1572432253510,6.3828583,-5.409195,0.6192627
1572432253512,5.7148743,-6.6086884,1.7804565
1572432253513,4.424408,-7.477783,2.659134
1572432253513,2.5880585,-7.5017242,1.9719849
1572432253733,1.4962921,-7.2407684,-0.051116943
1572432253733,0.004714966,-7.214432,-1.4301758
1572432253734,-0.5292053,-7.2814636,-1.628891
1572432253734,0.95280457,-7.1545715,-0.8196564
1572432253734,0.95280457,-7.140213,0.61209106
1572432253734,3.5169983,-8.217606,-1.0662537
1572432253734,6.725235,-9.498489,-3.3838348
1572432253736,9.765869,-9.634964,-2.9911957
1572432253736,13.699539,-8.923889,-2.8451385
1572432253736,17.400986,-6.625458,-5.442856
1572432253736,17.918121,-5.60553,-5.720581
1572432253736,13.551102,-9.998886,-1.6432495
1572432253935,3.2129364,-14.20549,1.7205963
1572432253936,0.045410156,-15.129654,2.2784424
1572432253936,-1.3336487,-15.407379,0.5067444
1572432253936,-0.17964172,-11.519196,-1.5714264
1572432253936,-1.3432312,-7.5496216,0.21943665
1572432253938,-0.1772461,-4.7555847,3.1547241
1572432253938,2.7460632,-4.4108124,3.4563904
1572432253938,2.7460632,-5.9957733,2.541809
1572432253938,4.4627075,-8.208023,2.031845
1572432253938,4.091614,-9.10585,2.687851
1572432254142,3.4068756,-9.36203,4.830673
1572432254142,4.0389404,-9.922272,5.0174103
1572432254142,5.3389893,-9.438644,-0.7262726
1572432254142,3.0477448,-9.28302,-0.6855774
1572432254142,2.7029724,-9.230347,0.7916565
1572432254143,2.8849335,-8.7634735,-0.32884216
1572432254143,3.136322,-8.662918,-0.71191406
1572432254143,3.136322,-8.911911,0.41575623
1572432254143,3.4547577,-9.050781,1.3016205
1572432254143,3.6247406,-8.768265,1.4141388
1572432254363,3.6438904,-8.380402,1.3542938
1572432254363,3.2608185,-8.3085785,1.7325745
1572432254363,3.2799835,-8.5504,2.07016
1572432254363,3.2799835,-8.873611,1.7277832
1572432254363,3.9790802,-9.160919,1.4644165
1572432254365,4.8577576,-9.22316,1.4069519
1572432254365,5.3078613,-9.158524,0.75094604
1572432254365,5.7196655,-9.019653,0.47801208
1572432254365,6.234421,-8.346878,0.52589417
1572432254365,6.512146,-7.552017,0.35591125
1572432254365,6.543274,-7.0923157,0.035079956
1572432254591,6.5528564,-7.611862,0.7174225
1572432254591,7.994156,-9.314148,1.1795044
1572432254591,9.696442,-10.657288,0.9520569
1572432254592,9.696442,-10.78418,-0.8914795
1572432254593,8.413147,-10.999664,-4.542633
1572432254593,6.4235687,-11.2534485,-1.1572266
1572432254593,2.4970703,-13.384293,-0.9561157
1572432254593,-1.010437,-14.394638,-1.1332855
1572432254594,-1.4294128,-13.827209,0.45167542
1572432254594,0.3159485,-13.525543,1.3590698
1572432254594,2.9806976,-12.163239,1.8187561
1572432254805,2.9806976,-10.5303955,-0.26419067
1572432254805,4.376526,-8.251114,-3.9943542
1572432254805,5.578415,-7.183304,-1.7581787
1572432254806,5.3006897,-6.4027863,-0.41981506
1572432254806,5.5424957,-6.3046265,0.15718079
1572432254806,5.7436066,-7.1186523,1.2321777
1572432254806,5.0756226,-8.0954895,1.5697632
1572432254806,1.4938965,-8.243927,1.2226105
1572432254806,0.29919434,-7.6884766,-0.74542236
1572432254806,-0.42625427,-7.3676605,-1.9592896
1572432254806,0.32313538,-7.183304,-1.3080597
1572432255030,2.2384949,-6.840927,-0.28096008
1572432255030,2.2384949,-6.7116394,-0.21151733
1572432255032,3.6726227,-7.0947113,-0.5084076
1572432255032,4.6949463,-8.751511,-1.9975891
1572432255032,6.390045,-10.27182,-4.54982
1572432255033,9.69165,-9.36203,-1.2482147
1572432255033,14.712296,-7.935089,-1.0782166
1572432255033,17.626038,-5.0907745,-4.6479797
1572432255033,16.433716,-10.60701,-3.1731567
1572432255033,10.812134,-13.470474,-1.6791687
1572432255033,2.93042,-16.71222,-0.5778351
1572432255257,1.4053192,-16.412949,0.36068726
1572432255259,-0.62257385,-10.8823395,0.25056458
1572432255259,-2.5977936,-6.465042,0.647995
1572432255259,-2.7031403,-3.7117157,1.5075226
1572432255259,-0.40231323,-2.598404,3.2193756
1572432255259,2.8585968,-4.994995,4.7492676
1572432255259,2.8585968,-9.235138,2.5442047
1572432255259,3.2344818,-11.844818,1.6655273
1572432255259,2.5521393,-10.860794,3.075714
1572432255259,2.5521393,-9.077118,4.833069
1572432255259,3.24646,-8.974167,4.3183136
1572432255260,2.8777466,-9.658905,0.43730164
1572432255464,3.1626587,-10.046768,-0.15644836
1572432255464,3.1626587,-9.165695,-0.27137756
1572432255464,4.005417,-8.07634,-1.2266693
1572432255464,4.2400513,-7.7267914,-1.1476593
1572432255464,4.266388,-8.203232,-0.22589111
1572432255464,4.405258,-8.665314,0.43730164
1572432255464,4.4435577,-8.782623,0.84910583
1572432255464,4.084427,-8.804184,1.157959
1572432255464,2.9352112,-8.904739,1.7732697
1572432255466,2.9400024,-9.127396,2.1850739
1572432255684,2.9400024,-9.261475,2.0007172
1572432255684,3.3637695,-9.177673,1.6056824
1572432255684,4.0126038,-9.168091,1.3016205
1572432255684,4.7907104,-8.72995,1.0047302
1572432255684,5.6406555,-8.052399,0.592926
1572432255684,6.3804626,-7.2742767,0.37506104
1572432255684,7.1537933,-7.552017,1.26091
1572432255684,9.461807,-8.84967,1.7205963
1572432255684,12.006836,-10.767426,-0.3025055
1572432255686,14.252609,-11.404282,-3.5035553
1572432255686,10.79538,-10.978119,-1.7102966
1572432255912,8.185699,-12.206345,-0.56347656
1572432255912,1.5657349,-13.544693,-0.19955444
1572432255912,-1.8579865,-14.67955,-1.0877991
1572432255912,-3.5315247,-14.36351,-0.110961914
1572432255912,-1.4222412,-12.8815,-0.17800903
1572432255913,0.6942444,-11.983673,0.3630829
1572432255913,2.226532,-11.289352,-0.21870422
1572432255913,2.226532,-9.254288,-2.837967
1572432255915,3.4332123,-7.9374695,-1.1045532
1572432255915,3.318283,-7.0037384,0.7174225
1572432255915,4.271179,-6.7954407,0.6264496
1572432256133,5.7388153,-7.389206,0.8419342
1572432256133,6.251175,-8.373215,0.8754425
1572432256133,2.0182343,-8.715591,-0.087020874
1572432256133,1.3550415,-7.7602997,-1.1356812
1572432256134,1.1850433,-7.0276794,-1.0710449
1572432256134,1.795578,-6.412369,-0.86753845
1572432256134,2.8107147,-6.00296,-0.7933197
1572432256136,2.8107147,-6.1346436,-0.8914795
1572432256136,3.476303,-7.0659943,-1.2362366
1572432256136,4.4770813,-8.557571,-2.5722046
1572432256136,6.2966766,-9.436249,-2.720642
1572432256354,8.688477,-9.740311,-1.5642395
1572432256354,11.755447,-8.47139,-1.5067902
1572432256354,14.334,-6.4698334,-4.6910706
1572432256354,14.638077,-8.325333,-6.6088257
1572432256354,12.315689,-13.243027,-1.0375214
1572432256354,6.756363,-14.021149,1.6296234
1572432256356,2.1211853,-15.895798,1.1076813
1572432256356,-0.12936401,-13.652435,-1.7485962
1572432256356,-1.4030762,-8.674896,-1.1644135
1572432256356,-1.896286,-5.3996277,0.6336365
1572432256356,-0.5986328,-3.8457794,2.5130768
1572432256579,1.9559784,-4.207306,4.035797
1572432256579,1.9559784,-7.559189,3.7556763
1572432256579,4.0078125,-10.757843,3.331894
1572432256579,4.2089233,-10.741089,3.6766663
1572432256579,4.0556946,-9.148941,5.4651337
1572432256581,4.515381,-8.435471,3.4875183
1572432256581,4.6398773,-8.516876,-0.8459778
1572432256582,2.1211853,-9.503281,-1.0375214
1572432256582,1.9679565,-10.62616,-0.7789459
1572432256582,3.1339264,-9.60144,-1.7414093
1572432256582,3.1339264,-8.435471,-1.4469299
1572432256582,4.0317535,-8.109863,-8.392334E-4
1572432256783,4.527359,-8.248718,1.1412048
1572432256783,4.7500153,-8.346878,1.553009
1572432256783,4.9367676,-8.145767,1.6655273
1572432256785,4.8098755,-8.117035,1.904953
1572432256785,4.2807465,-8.480957,2.1874695
1572432256785,3.7157135,-8.828125,2.007904
1572432256786,3.6438904,-8.959808,1.802002
1572432256786,3.9527435,-8.969376,1.5601807
1572432256786,4.1897736,-9.113037,0.806015
1572432256786,4.3956757,-9.285416,0.3918152
1572432257005,5.097168,-8.749115,0.4636383
1572432257005,5.61911,-7.8848114,0.5498352
1572432257005,5.9734497,-7.310196,0.4492798
1572432257007,6.2966766,-7.267105,0.75813293
1572432257007,6.981415,-8.643768,1.4069519
1572432257007,9.45462,-10.080292,1.0813446
1572432257007,10.453003,-10.492096,0.21464539
1572432257007,10.405121,-10.963745,-4.401367
1572432257007,7.8696594,-11.255844,-3.455658
1572432257007,7.3884277,-12.412247,0.051834106
1572432257007,-0.98410034,-14.705887,-2.0095673
1572432257225,-2.8180542,-14.308441,-1.0255432
1572432257225,-0.986496,-13.55188,0.6384125
1572432257227,1.9464111,-13.43457,1.4452667
1572432257227,1.9464111,-11.792145,0.70066833
1572432257227,4.338211,-9.491318,-3.230606
1572432257227,5.1067505,-7.5256805,-2.562622
1572432257227,5.219284,-6.9654236,-0.4940338
1572432257227,5.3126526,-6.8576965,-0.16363525
1572432257227,5.643051,-7.3484955,0.60250854
1572432257227,5.0468903,-7.9566345,1.5506134
1572432257227,2.2097626,-8.255905,2.039032
1572432257449,0.99591064,-8.15535,0.48518372
1572432257451,0.002319336,-7.5687714,-1.5139618
1572432257451,-0.58425903,-7.140213,-1.4732666
1572432257452,0.39735413,-6.848114,-0.9417572
1572432257452,2.1618805,-7.1138763,-0.6065674
1572432257452,2.1618805,-7.66214,-0.8699341
1572432257452,4.1299133,-8.579117,-1.5762177
1572432257452,6.184143,-9.977341,-4.4109497
1572432257452,8.314987,-9.515259,-2.5051727
1572432257452,12.665253,-7.851288,-0.34320068
1572432257452,16.275711,-6.3525085,-2.1556091
1572432257675,16.1512,-5.0716095,-4.317581
1572432257675,14.47287,-11.301331,-1.3439789
1572432257675,9.085922,-13.855942,-0.3647461
1572432257675,2.061325,-16.183105,0.26971436
1572432257675,0.1483612,-14.152817,-0.3815155
1572432257675,-1.33844,-9.227951,0.114089966
1572432257675,-1.9633331,-5.926346,0.8347473
1572432257675,-1.9633331,-4.0995636,2.094101
1572432257675,1.3598328,-4.5377045,3.8131256
1572432257675,3.1650543,-7.559189,2.4771729
1572432257678,3.2584229,-9.879181,1.4716034
1572432257893,3.2584229,-10.19281,3.0302277
1572432257893,3.4140472,-9.1345825,3.8394623
1572432257893,3.9288025,-8.8975525,5.2424774
1572432257893,4.352585,-9.172882,2.754898
1572432257893,3.08844,-9.960571,-0.046325684
1572432257893,2.7484589,-10.149719,0.15478516
1572432257893,2.7484589,-8.916702,-0.8699341
1572432257893,3.5768585,-7.772278,-1.5235443
1572432257893,4.072464,-7.824951,-0.50601196
1572432257894,4.3741302,-8.401947,0.39900208
1572432257894,4.3741302,-8.696442,0.82276917
1572432258115,4.714096,-8.6006775,1.2250061
1572432258116,4.6159363,-8.476166,1.5697632
1572432258116,3.2895508,-8.574341,1.8786163
1572432258116,3.2895508,-8.734741,1.9648132
1572432258116,3.3542023,-8.832901,1.8450928
1572432258116,3.7660065,-8.933472,1.722992
1572432258116,4.3908844,-9.268646,1.612854
1572432258116,5.1211243,-9.330902,1.394989
1572432258116,5.4179993,-8.823334,0.96403503
1572432258116,5.904022,-7.95903,0.74375916
1572432258116,6.3756714,-7.3197784,0.8682709
1572432258340,7.321396,-7.9997253,1.6391907
1572432258340,9.61264,-9.02684,1.0837402
1572432258340,11.528,-9.804947,-3.8602905
1572432258340,11.427444,-10.178452,-2.9911957
1572432258340,8.693268,-10.92305,-2.0742035
1572432258340,3.2560272,-12.091415,-1.4277802
1572432258340,1.0629425,-13.199936,-1.1237183
1572432258343,-0.45976257,-13.623703,-0.8699341
1572432258343,-0.27542114,-14.018753,1.1842957
1572432258343,0.7445221,-14.509567,2.699829
1572432258343,1.5058746,-12.598984,1.8522797
1572432258343,1.5058746,-9.625381,-3.4389038
1572432258550,4.199356,-8.188873,-3.6759338
1572432258550,4.2376556,-7.56398,-1.5834045
1572432258550,4.5800323,-7.535248,-0.7837372
1572432258550,5.4874268,-7.7626953,-0.034347534
1572432258550,5.724457,-8.126617,0.61209106
1572432258552,2.7939606,-8.224777,0.6623688
1572432258552,2.0349884,-7.7986145,-0.14448547
1572432258552,1.8123322,-7.054016,-1.1117401
1572432258552,1.2832184,-6.49617,-1.3320007
1572432258552,0.9288635,-6.2687225,-1.0518799
1572432258772,1.7453003,-6.3094177,-0.98005676
1572432258772,3.1578674,-6.7403717,-1.0183716
1572432258772,3.1578674,-7.602295,-0.81007385
1572432258772,4.4770813,-8.921494,-2.2274323
1572432258772,6.60791,-10.025223,-4.47081
1572432258774,9.117035,-9.141754,-2.229828
1572432258774,15.052261,-9.04599,-3.3263855
1572432258774,17.764893,-6.10112,-6.759659
1572432258774,16.263733,-6.326172,-4.676712
1572432258774,12.389908,-11.193588,-0.09660339
1572432258774,7.4003906,-13.870316,2.754898
1572432258999,1.5178375,-16.156769,2.6064606
1572432258999,-0.4549713,-13.726654,-0.44854736
1572432258999,-2.2865448,-8.895157,-0.6185303
1572432258999,-2.8659363,-5.3038483,0.8347473
1572432259002,-1.1205597,-3.2687836,2.5322266
1572432259002,1.9009094,-4.451523,2.754898
1572432259002,1.9009094,-7.5735626,0.43730164
1572432259002,4.017395,-10.235916,0.45646667
1572432259002,3.1626587,-10.987686,2.4053345
1572432259002,3.2680054,-9.646942,5.1730347
1572432259002,3.2680054,-9.000504,5.838623
1572432259216,3.2680054,-9.043594,0.7772827
1572432259217,2.9040833,-9.47934,-0.56825256
1572432259217,2.9040833,-9.211197,1.0334625
1572432259218,3.4858704,-8.193649,0.2864685
1572432259218,4.271179,-7.745941,-0.47727966
1572432259218,4.1825867,-8.31337,0.035079956
1572432259218,4.410034,-8.904739,0.38702393
1572432259218,4.625519,-9.048386,0.56658936
1572432259218,4.460312,-8.813751,0.87783813
1572432259218,3.2416687,-8.581512,1.2776794
1572432259218,3.1770325,-8.665314,1.6511688
1572432259441,3.1770325,-9.034027,1.7948151
1572432259441,3.6822052,-9.26387,1.6703186
1572432259443,4.508209,-9.050781,1.1747284
1572432259443,5.3677216,-8.8185425,1.1723328
1572432259443,6.121887,-8.548004,1.3471069
1572432259443,6.706085,-7.970993,1.1531677
1572432259443,7.3357544,-7.255127,0.62405396
1572432259443,8.07077,-7.3868103,0.9544525
1572432259444,9.8185425,-8.837692,0.020721436
1572432259444,11.702774,-9.757065,-4.269699
1572432259444,10.30217,-10.243088,-2.6392365
1572432259667,8.310196,-11.950165,-2.1244812
1572432259669,2.5401611,-14.2821045,-2.9026031
1572432259669,0.23693848,-16.513504,-2.7924652
1572432259669,-0.75904846,-16.640396,0.2242279
1572432259669,-1.6329193,-17.4664,2.8123627
1572432259669,-0.5675049,-15.625259,0.4492798
1572432259669,2.0804749,-11.562302,-2.43573
1572432259669,2.0804749,-8.480957,-2.8643036
1572432259670,3.3087006,-5.9574738,-1.3320007
1572432259670,3.9288025,-3.927185,0.092544556
1572432259670,5.9327545,-4.1737976,0.41815186
1572432259671,6.524124,-5.9359283,0.34632874
1572432259867,6.402008,-7.669327,0.78926086
1572432259867,3.1483002,-8.557571,1.2585144
1572432259867,1.4843292,-8.157745,0.5402527
1572432259867,0.85943604,-7.3006134,-0.668808
1572432259867,0.31355286,-7.1737213,-1.0614624
1572432259867,1.206604,-7.42511,-1.063858
1572432259867,1.206604,-7.262314,-1.0901947
1572432259868,3.7276917,-7.144989,-2.2633514
1572432259868,6.5289154,-7.7196045,-4.8179626
1572432259870,9.354065,-8.574341,-7.705368
1572432260094,13.151276,-7.7243958,-2.9672546
1572432260094,19.21817,-7.396393,-4.3510895
1572432260094,18.042618,-6.386032,-4.202652
1572432260094,10.6445465,-11.148102,1.1555634
1572432260094,2.863388,-13.175995,1.8977661
1572432260094,1.0557556,-15.359497,-0.33363342
1572432260094,-1.2091522,-16.898972,-4.863449
1572432260094,-0.96972656,-11.267807,-2.3926392
1572432260094,-1.6089783,-6.6565857,0.106903076
1572432260096,-0.5890503,-3.539322,2.675888
1572432260096,2.0948486,-2.780365,6.0181885
1572432260316,2.0948486,-5.9933777,9.018127
1572432260317,5.5209503,-10.573486,4.5242157
1572432260317,6.4738464,-12.476883,1.7014465
1572432260317,4.6829834,-10.063522,2.1850739
1572432260317,4.429199,-8.397156,4.9384003
1572432260317,2.8322601,-9.041199,2.9943085
1572432260317,2.0038605,-10.010849,-2.83078
1572432260317,2.2384949,-10.238312,-6.697418
1572432260319,2.2384949,-8.507294,-4.039856
1572432260319,3.9551392,-7.7243958,-0.09420776
1572432260319,5.085205,-7.9733887,0.93530273
1572432260537,5.152237,-8.270264,1.0214996
1572432260537,5.238434,-8.131409,1.509903
1572432260537,5.188156,-7.8776245,1.6104736
1572432260537,4.745224,-7.827347,1.4907532
1572432260537,4.1586456,-8.150558,1.4356842
1572432260538,3.7037506,-8.409134,1.509903
1572432260538,4.034149,-8.646164,1.2776794
1572432260540,4.5895996,-9.002899,1.1531677
1572432260540,5.334198,-9.074722,1.0167084
1572432260540,5.7268524,-8.595886,0.7677002
1572432260540,5.8537445,-7.8776245,0.61447144
1572432260763,5.9447174,-7.528061,0.7413635
1572432260763,6.8377533,-8.284637,1.5410309
1572432260763,9.478561,-9.1345825,1.8307343
1572432260763,11.444199,-8.780243,-0.80288696
1572432260763,12.325272,-8.840088,-5.14357
1572432260763,10.493713,-9.718765,-3.2210388
1572432260765,8.429901,-12.412247,-2.004776
1572432260765,0.97676086,-15.012344,-2.957672
1572432260765,0.7301483,-14.806442,-0.6568451
1572432260765,0.6726837,-15.012344,2.48674
1572432260765,0.45961,-15.869461,2.517868
1572432260985,1.1443481,-13.116135,0.99276733
1572432260986,1.1443481,-9.2734375,-2.9600677
1572432260986,3.591217,-6.7164307,-3.6711426
1572432260986,4.5536957,-5.713257,-1.1237183
1572432260986,5.93515,-6.4387054,-0.53234863
1572432260988,7.4937744,-6.888809,-0.2593994
1572432260988,8.293442,-6.405182,0.6192627
1572432260988,7.8457184,-6.5344696,1.5673676
1572432260988,2.013443,-6.690094,1.4356842
1572432260988,0.7852173,-6.927124,0.5354767
1572432260988,-0.124572754,-7.7555237,-1.5307312
1572432261209,-0.342453,-8.368439,-2.4692535
1572432261209,0.8091583,-8.430679,-1.7198639
1572432261209,2.1642761,-8.998108,-1.5881805
1572432261209,2.1642761,-9.1944275,-2.5051727
1572432261212,4.417221,-8.952621,-2.799652
1572432261212,6.500183,-8.6844635,-2.8499298
1572432261212,8.161758,-8.983749,-2.3710938
1572432261212,10.04599,-8.933472,-0.9680939
1572432261212,12.622147,-10.415482,-0.25222778
1572432261212,13.776154,-10.887131,-2.5123444
1572432261212,12.804108,-10.441818,-3.0223083
1572432261427,9.196045,-12.879105,-2.3734894
1572432261427,0.7277527,-10.956558,-0.12054443
1572432261427,-1.0870514,-7.935089,0.8945923
1572432261428,-1.4677277,-5.7587585,1.7517242
1572432261428,-1.3647766,-5.0285187,2.778839
1572432261428,-0.038391113,-6.4698334,3.5545654
1572432261428,1.3167267,-9.464981,3.5976562
1572432261428,1.7093811,-11.124161,2.130005
1572432261428,2.863388,-10.413086,1.0262756
1572432261428,2.863388,-8.9765625,1.4596252
1572432261428,3.804306,-8.401947,2.6854553
1572432261428,4.33342,-9.268646,3.5593414
1572432261630,4.6997375,-10.092255,2.8578491
1572432261632,5.0636597,-9.453003,1.3279572
1572432261632,5.4706726,-8.306183,0.35351562
1572432261632,4.9918365,-7.461029,-0.6209259
1572432261632,4.467499,-7.24794,-1.8587341
1572432261632,4.5967865,-7.7004547,-2.0574493
1572432261632,4.9655,-8.500107,-0.8148651
1572432261632,4.7117157,-8.902344,0.34872437
1572432261632,4.1035767,-8.914307,1.1627502
1572432261632,3.0621033,-8.895157,1.8762207
1572432261834,2.9136658,-8.794601,2.4364624
1572432261836,2.9136658,-8.679672,2.7477112
1572432261836,3.4427795,-8.686859,2.4412537
1572432261836,4.326248,-9.220764,1.6583557
1572432261836,5.243225,-9.682846,1.2848511
1572432261836,6.3014526,-9.108246,0.65278625
1572432261836,6.7156525,-7.698059,-0.07505798
1572432261836,7.117874,-6.8696594,0.34632874
1572432261836,8.66214,-7.626236,1.1412048
1572432261836,12.361191,-8.399551,-0.012802124
1572432262054,14.15683,-9.091476,-2.1125183
1572432262055,11.159302,-9.654114,-3.1061096
1572432262055,11.159302,-11.643707,-3.529892
1572432262055,5.825012,-13.954102,-0.66163635
1572432262055,0.021469116,-15.4600525,0.95684814
1572432262055,-3.1915588,-16.30043,-1.1811676
1572432262055,-2.3080902,-15.639618,-0.3862915
1572432262055,-0.72073364,-13.666794,0.5617981
1572432262056,1.1204071,-11.354004,0.5594177
1572432262056,1.1204071,-8.890366,-2.9313354
1572432262056,3.8258514,-6.879242,-2.586563
1572432262278,6.646225,-6.7978363,-0.92977905
1572432262278,7.9774017,-7.0564117,-1.0566711
1572432262278,7.915146,-6.7403717,-0.7933197
1572432262278,7.3716736,-7.4275055,0.55223083
1572432262278,2.1642761,-7.710022,1.0358582
1572432262278,0.8857727,-7.0875397,0.72940063
1572432262278,-0.38075256,-6.7906494,-0.41981506
1572432262278,-0.7374878,-6.884033,-1.1931458
1572432262278,0.6439667,-6.709244,-1.0447083
1572432262278,2.341446,-6.5727844,-0.5730438
1572432262279,2.341446,-7.1473846,-1.2984924
1572432262501,3.7372742,-8.6844635,-4.2433624
1572432262501,5.930359,-10.109024,-7.209778
1572432262501,9.80896,-8.940643,-2.7709198
1572432262501,17.228592,-7.9805756,-1.3511658
1572432262501,17.53984,-7.9207153,-3.012741
1572432262501,13.759399,-11.739471,-1.4804535
1572432262501,9.45462,-14.988403,1.588913
1572432262501,1.3382721,-17.753708,-1.0279388
1572432262501,-2.078247,-13.144867,-5.308777
1572432262502,-3.1436615,-7.856079,-1.8778839
1572432262502,-2.9784698,-4.8298035,0.8467102
1572432262725,-1.33844,-3.2927246,4.2201385
1572432262725,1.9296417,-4.530533,7.102768
1572432262725,1.9296417,-8.677292,6.4874573
1572432262725,4.1825867,-11.433014,3.9591827
1572432262725,2.736496,-10.848831,2.6782837
1572432262725,2.736496,-9.050781,2.7141876
1572432262725,3.3901062,-8.746719,3.7460938
1572432262725,3.653473,-9.658905,1.1196594
1572432262727,3.6367188,-10.460968,-0.1301117
1572432262727,3.4308167,-9.781006,-0.65205383
1572432262727,3.512207,-8.401947,-1.7246552
1572432262949,3.907257,-7.8464966,-1.68396
1572432262950,3.8426208,-8.461807,-0.07505798
1572432262950,4.0676727,-8.88797,0.9424896
1572432262950,4.247238,-8.828125,1.4380798
1572432262950,4.194565,-8.749115,2.0485992
1572432262950,3.8569794,-8.830521,2.469986
1572432262950,3.6199493,-8.722778,2.074936
1572432262953,4.170624,-8.667709,1.3255615
1572432262953,4.9678955,-8.885574,0.6623688
1572432262953,5.3557434,-9.275833,0.5641937
1572432262953,5.904022,-9.385971,0.93530273
1572432263172,6.550461,-8.428284,0.8108063
1572432263173,6.550461,-7.3245544,0.52589417
1572432263173,6.452301,-6.9486694,0.3846283
1572432263173,6.519333,-7.8895874,1.1890869
1572432263173,8.334137,-9.661301,1.292038
1572432263173,10.20401,-10.762634,0.8132019
1572432263175,10.02684,-10.3723755,-1.4517212
1572432263175,9.356461,-9.833679,-5.227371
1572432263175,7.603897,-10.156906,-1.9353485
1572432263175,2.887329,-12.18718,-0.39587402
1572432263175,0.074142456,-13.319641,-0.1301117
1572432263392,-0.13175964,-13.429779,1.1483917
1572432263392,0.81874084,-14.729828,2.015091
1572432263392,1.9320374,-14.684341,1.5913086
1572432263392,1.9320374,-11.308517,-1.6983185
1572432263392,3.6822052,-8.852066,-2.3112335
1572432263393,3.7947235,-7.377228,-1.2434235
1572432263394,4.0269623,-6.532074,-0.0032196045
1572432263394,5.748398,-6.4267426,1.0406494
1572432263394,6.5217285,-6.864868,1.4332886
1572432263394,6.358917,-7.970993,1.394989
1572432263394,1.4699554,-8.270264,0.6503906
1572432263394,0.32792664,-7.8153687,-0.053497314
1572432263595,-0.46455383,-7.4514465,-1.2625732
1572432263595,0.39974976,-7.018097,-2.344757
1572432263596,2.5305939,-6.915146,-2.3016663
1572432263597,2.5305939,-7.1066895,-1.4541168
1572432263597,3.9024658,-7.7507324,-1.3080597
1572432263597,4.41243,-9.14415,-2.1963196
1572432263597,5.4108124,-9.965363,-4.039856
1572432263597,7.599121,-8.660522,-1.4493256
1572432263597,11.702774,-8.081131,0.044662476
1572432263597,14.444138,-7.1426086,-2.162796
1572432263799,14.228668,-8.883179,-2.5243225
1572432263799,12.476105,-11.986069,-0.4365692
1572432263799,8.054016,-12.752213,0.72940063
1572432263802,2.1020355,-15.857498,-0.4940338
1572432263802,-1.7071533,-12.948547,-4.2002563
1572432263802,-2.3559723,-7.6956635,-2.0885773
1572432263802,-1.7646027,-5.5217285,-0.082229614
1572432263802,-0.25386047,-5.0189514,2.8243256
1572432263802,1.8889465,-6.6398163,6.623932
1572432263802,3.0285797,-9.108246,6.2145233
1572432264024,3.1219635,-10.1138,4.0190277
1572432264024,3.1219635,-9.709183,2.651947
1572432264024,3.531372,-8.9765625,2.9416351
1572432264025,4.4866486,-9.098663,4.3901367
1572432264025,4.47229,-9.467377,0.7677002
1572432264025,4.192169,-9.958176,-0.3647461
1572432264025,3.9671173,-9.268646,-0.084625244
1572432264026,4.611145,-7.832138,-1.5594635
1572432264026,4.7859344,-7.358078,-2.43573
1572432264026,4.1275177,-8.109863,-0.92977905
1572432264026,4.1059723,-8.787415,0.38224792
1572432264248,4.352585,-8.830521,0.8945923
1572432264248,4.2328644,-8.5216675,1.4117432
1572432264251,3.725296,-8.399551,1.7828522
1572432264251,3.361374,-8.492935,1.7972107
1572432264251,3.5529175,-8.880798,1.7948151
1572432264251,4.2615967,-8.998108,1.5314636
1572432264251,4.977463,-9.010086,1.1124725
1572432264251,5.4467316,-9.00769,0.8562927
1572432264251,5.772339,-8.344498,0.8443146
1572432264251,5.911209,-7.1952667,0.7078552
1572432264251,6.1937256,-6.6613617,0.69348145
1572432264472,6.86409,-7.9374695,1.7996063
1572432264474,9.366043,-10.044373,2.2281647
1572432264474,11.432236,-11.1193695,1.5242767
1572432264474,11.824875,-10.417877,-0.9106293
1572432264474,9.150558,-10.578278,-5.5122833
1572432264474,6.311035,-11.17923,-2.8643036
1572432264474,0.9216919,-13.664413,-3.522705
1572432264474,-2.382309,-14.605331,-1.9904175
1572432264475,-1.2498474,-13.362732,1.0885315
1572432264475,0.84747314,-13.942139,2.1491547
1572432264475,3.0932312,-12.855164,2.2640839
1572432264691,3.0932312,-9.9414215,-1.3439789
1572432264691,4.8697205,-7.7363586,-4.482773
1572432264691,5.9686584,-7.3676605,-1.8252106
1572432264691,5.681366,-7.3604736,-0.5802307
1572432264691,6.3086395,-7.317383,0.18591309
1572432264691,6.0668335,-7.654953,0.79403687
1572432264692,2.6048126,-7.9422607,1.078949
1572432264692,1.1371613,-7.8584747,0.9759979
1572432264692,0.6511383,-7.437088,-0.316864
1572432264692,0.2058258,-7.1378174,-1.360733
1572432264693,0.73254395,-6.7978363,-1.2553864
1572432264916,2.4156647,-6.83136,-1.0423126
1572432264917,2.4156647,-7.1976624,-0.9680939
1572432264917,3.8689423,-7.698059,-1.3679199
1572432264917,5.0876007,-8.646164,-1.5307312
1572432264917,6.2056885,-9.625381,-3.6088867
1572432264917,7.5584106,-9.22316,-4.0709686
1572432264917,10.903122,-8.236755,-2.3184204
1572432264917,14.401047,-8.315765,-2.6584015
1572432264917,14.377106,-11.382736,-2.8331757
1572432264919,12.392303,-11.330063,-1.7893066
1572432264919,8.449051,-14.595749,0.39900208
1572432265135,1.5968475,-14.61969,-1.1141357
1572432265135,-1.6616516,-10.018036,-1.4852295
1572432265135,-3.1484528,-6.5847473,-0.80049133
1572432265135,-2.6887665,-4.8130493,0.75094604
1572432265135,-0.66326904,-4.1259003,3.6598969
1572432265135,2.3941193,-6.5584106,6.6694183
1572432265135,2.3941193,-10.130569,4.509842
1572432265135,4.0030212,-11.51442,2.359848
1572432265137,3.9958496,-9.848053,2.3406982
1572432265137,3.7205048,-8.318161,3.7891846
1572432265137,4.0700684,-8.634186,3.3702087
1572432265137,4.0126038,-9.615814,0.07577515
1572432265342,4.010208,-10.061127,-0.48446655
1572432265342,3.962326,-8.737137,-0.9920349
1572432265342,4.266388,-7.449066,-1.8563385
1572432265342,4.512985,-7.298218,-1.4780579
1572432265342,4.7667694,-7.906357,-0.41262817
1572432265342,5.018173,-8.492935,0.5474396
1572432265344,4.9846497,-8.574341,1.10289
1572432265344,4.47229,-8.366043,1.4356842
1572432265344,3.8761292,-8.401947,1.881012
1572432265344,3.5648804,-8.53363,2.3143616
1572432265562,3.7396698,-8.715591,2.3574524
1572432265562,4.3094788,-9.402725,1.9193115
1572432265562,5.0876007,-10.17366,1.1938782
1572432265562,5.9638824,-10.322098,0.75813293
1572432265562,6.299057,-8.734741,0.4804077
1572432265562,6.500183,-6.9558563,0.16436768
1572432265563,7.3190002,-6.544052,0.7772827
1572432265563,9.433075,-7.5998993,-0.6424713
1572432265563,13.338013,-9.089081,-2.1244812
1572432265563,11.398712,-10.492096,-2.1508179
1572432265563,9.780228,-12.103394,-2.8810577
1572432265790,6.413986,-13.27655,-0.66641235
1572432265790,2.0182343,-14.547867,0.099731445
1572432265790,-0.2778015,-14.523926,0.4205475
1572432265790,-1.2211304,-14.250992,1.0358582
1572432265790,-0.68003845,-13.0203705,0.29605103
1572432265793,1.2496948,-11.049942,-0.92259216
1572432265793,1.2496948,-9.271042,-2.9049988
1572432265793,3.3781433,-8.361252,-2.0550537
1572432265793,3.531372,-7.832138,-0.13729858
1572432265793,4.678192,-7.133026,0.48997498
1572432265793,6.2679443,-6.630249,0.7174225
1572432266010,6.313431,-6.065216,1.7756653
1572432266010,2.8801422,-6.922333,0.9257202
1572432266010,0.6104431,-7.3796234,0.035079956
1572432266010,-0.48130798,-7.911133,-0.77175903
1572432266013,0.06455994,-8.447449,-1.6169128
1572432266013,2.408493,-7.7602997,-2.35672
1572432266013,2.408493,-7.077957,-1.6025543
1572432266013,4.307083,-7.121048,-1.4445343
1572432266013,5.4467316,-7.6789093,-2.131668
1572432266013,6.761139,-8.3085785,-3.309616
1572432266013,9.059586,-7.9757843,-0.93696594
1572432266235,11.9613495,-8.102676,0.2074585
1572432266235,13.630112,-7.6238403,-2.7709198
1572432266235,13.984451,-10.027618,-3.7908478
1572432266237,11.669266,-13.068253,-1.731842
1572432266237,7.9295197,-13.920593,0.8634796
1572432266237,2.202591,-15.663559,1.6056824
1572432266237,-1.5419464,-12.031555,-1.2841187
1572432266237,-2.8036957,-7.40596,-0.68318176
1572432266238,-2.1596527,-4.712494,0.24816895
1572432266238,-0.77101135,-3.5680542,1.7086334
1572432266238,1.7237396,-5.318222,3.3702087
1572432266458,1.7237396,-9.256683,3.884964
1572432266459,3.6965637,-11.614975,4.8450317
1572432266461,4.424408,-10.494492,3.4851227
1572432266462,4.1969604,-8.713196,2.9033356
1572432266462,3.9814758,-8.64856,3.367813
1572432266462,4.2448425,-9.177673,0.6767273
1572432266462,3.0453491,-9.733124,-0.8148651
1572432266462,2.5425568,-9.754669,-0.7837372
1572432266462,3.239273,-8.952621,-1.6169128
1572432266462,3.239273,-8.131409,-1.8347931
1572432266462,3.986267,-8.119431,-0.3312378
1572432266678,4.228073,-8.346878,0.8945923
1572432266680,4.4938354,-8.5504,1.2728882
1572432266680,4.72847,-8.641373,1.6751099
1572432266680,4.800293,-8.591095,2.0677643
1572432266680,4.697342,-8.39238,1.9241028
1572432266680,4.7955017,-8.512085,1.7277832
1572432266680,4.910431,-8.890366,1.3423157
1572432266680,5.0205536,-9.287811,0.53308105
1572432266680,5.0157776,-9.409912,0.5713806
1572432266680,5.7340393,-8.543213,0.592926
1572432266680,6.105133,-7.824951,0.34632874
1572432266903,6.038101,-7.097107,0.6049042
1572432266903,6.5624237,-7.16893,1.6535645
1572432266904,8.757904,-9.031631,2.1467743
1572432266904,11.152115,-10.353226,1.0047302
1572432266904,11.080292,-10.214355,-4.5522156
1572432266904,9.914307,-9.77861,-5.100479
1572432266904,7.828964,-11.476105,-2.4620667
1572432266904,-0.639328,-14.902206,-4.7054443
1572432266904,-0.7686157,-14.689133,-1.2314453
1572432266904,-0.14134216,-14.744186,2.0174866
1572432266906,0.75408936,-15.862289,2.5777283
1572432266906,0.75408936,-12.670807,-0.6305084
1572432267110,3.8881073,-9.742706,-3.9393005
1572432267110,4.9535217,-8.440262,-2.1915283
1572432267110,4.0748444,-7.3437195,-0.23068237
1572432267110,5.0205536,-6.4195557,0.45167542
1572432267110,6.176956,-5.84494,1.1412048
1572432267110,6.1745605,-6.0197144,1.4596252
1572432267110,2.5976257,-6.824173,1.1172638
1572432267110,0.7780304,-7.183304,0.037475586
1572432267112,-0.10542297,-7.2742767,-0.95132446
1572432267112,-0.0072631836,-6.879242,-1.3822937
1572432267336,1.3502502,-6.6134796,-1.3870697
1572432267336,2.7987366,-6.9774017,-1.2146912
1572432267336,2.7987366,-8.169708,-1.5546722
1572432267336,4.1179504,-10.018036,-3.0821686
1572432267336,6.2368164,-11.662857,-7.3342743
1572432267336,10.1944275,-9.826508,-3.4389038
1572432267336,16.795242,-7.9374695,-2.6128998
1572432267336,16.108109,-7.477783,-3.8363495
1572432267338,12.749039,-11.207962,-0.74302673
1572432267338,7.8744507,-10.003677,0.6001129
1572432267339,1.7716217,-13.264572,0.568985
1572432267558,-1.0990143,-15.472031,-2.308838
1572432267558,-1.0583191,-10.884735,-1.9664764
1572432267558,-1.3336487,-6.512924,0.2529602
1572432267558,0.035827637,-4.4874268,2.300003
1572432267558,2.1690674,-4.760376,5.833832
1572432267558,2.1690674,-7.982971,4.1602936
1572432267558,3.0405579,-10.6094055,2.2353516
1572432267560,2.4970703,-10.1545105,2.9296722
1572432267560,2.3246918,-9.1896515,3.6982117
1572432267560,2.8825378,-8.98613,4.8761597
1572432267560,2.8825378,-8.990921,1.8163605
1572432267780,3.895279,-9.366821,-0.2593994
1572432267780,4.4387665,-9.790588,-0.30010986
1572432267780,5.068451,-8.931076,-0.49882507
1572432267780,5.3054657,-7.5304565,-0.15644836
1572432267780,5.4395447,-7.372452,0.10211182
1572432267780,4.927185,-8.291824,0.513916
1572432267782,4.175415,-8.969376,0.87065125
1572432267782,4.0078125,-9.000504,1.0214996
1572432267782,3.7707825,-8.559967,1.4069519
1572432267782,3.3398285,-8.248718,1.636795
1572432267783,3.4499664,-8.531235,1.4524536
1572432268004,4.467499,-8.741928,0.8634796
1572432268004,5.8848724,-8.878403,0.40618896
1572432268004,5.923172,-8.98613,0.2577362
1572432268004,5.674179,-9.091476,0.27450562
1572432268005,5.1211243,-9.208801,0.9520569
1572432268005,5.3294067,-9.141754,1.2800598
1572432268005,5.346176,-8.856857,1.3566742
1572432268006,5.049286,-8.217606,1.4093475
1572432268006,5.054077,-7.2048492,1.213028
1572432268006,5.9399414,-7.710022,1.2872467
1572432268006,8.480179,-9.148941,1.3447113
1572432268224,9.483353,-9.998886,1.0861359
1572432268224,10.1393585,-9.658905,-6.060562
1572432268224,9.725174,-9.931854,-4.4851685
1572432268224,7.8864136,-12.6684265,-1.4038391
1572432268225,0.31355286,-15.076981,-0.80288696
1572432268225,-0.47413635,-15.816788,0.6192627
1572432268225,1.7644501,-15.476822,-0.68078613
1572432268225,3.0477448,-13.185562,-0.42700195
1572432268225,3.0477448,-10.968536,-1.0063934
1572432268225,3.9359894,-9.093872,-2.4069977
1572432268225,4.5536957,-7.966202,-1.944931
1572432268225,4.259201,-7.535248,-0.8699341
1572432268435,4.4579163,-7.1976624,-0.24024963
1572432268435,5.3437805,-6.9367065,0.6910858
1572432268437,5.3437805,-6.6158752,1.3997803
1572432268437,2.9735107,-7.350891,1.2968292
1572432268438,0.6487427,-8.212814,0.32717896
1572432268438,0.031051636,-7.650177,-0.51797485
1572432268438,-0.35681152,-6.7236176,-0.92977905
1572432268438,0.72535706,-6.299835,-1.391861
1572432268438,3.1315308,-6.888809,-1.6600189
1572432268438,3.1315308,-7.7387543,-2.8092346
1572432268657,5.978241,-8.55278,-3.5801697
1572432268657,8.611862,-9.453003,-6.2449036
1572432268659,10.256683,-7.745941,-4.1523743
1572432268659,13.656448,-6.149002,-1.6647949
1572432268659,14.549484,-8.880798,-1.312851
1572432268659,12.24147,-13.092194,0.042266846
1572432268659,8.334137,-14.9500885,1.1771088
1572432268659,2.8107147,-16.087341,-1.5618439
1572432268659,-0.67285156,-10.602219,-4.592911
1572432268659,-2.16922,-6.41716,-2.0335083
1572432268659,-2.0112152,-4.681366,-0.28334045
1572432268880,-0.7829895,-4.0636597,2.4268951
1572432268883,2.3558197,-5.840149,6.4323883
1572432268883,2.3558197,-10.422653,7.064453
1572432268883,4.7955017,-12.54631,5.2520447
1572432268883,2.6622772,-10.025223,3.9519958
1572432268883,2.1977997,-7.9015656,3.0924835
1572432268883,3.1339264,-8.559967,3.1164246
1572432268883,3.1339264,-10.171265,-0.1301117
1572432268883,3.8067017,-10.86319,-1.9377441
1572432268883,4.266388,-9.211197,-2.344757
1572432268883,4.4579163,-7.444275,-1.6073456
1572432269104,4.594391,-7.097107,-0.6209259
1572432269104,4.867325,-7.717209,0.013534546
1572432269104,5.212097,-8.303787,0.47801208
1572432269104,5.2288513,-8.339706,0.80841064
1572432269104,4.8888855,-8.150558,1.122055
1572432269104,4.2209015,-8.219986,1.4213257
1572432269105,3.866562,-8.624619,1.6248322
1572432269105,4.15625,-9.077118,1.7301788
1572432269105,4.72847,-9.132187,1.553009
1572432269105,4.9966125,-9.232742,1.3087921
1572432269107,5.348572,-9.129791,1.1962738
1572432269325,5.4946136,-8.665314,1.1124725
1572432269325,5.504196,-7.9757843,1.0071259
1572432269325,5.7555847,-7.6334076,0.8275604
1572432269325,6.378067,-7.961426,1.0023346
1572432269326,8.056412,-9.833679,1.8067932
1572432269326,10.9534,-10.578278,1.1507721
1572432269326,11.264633,-9.843262,-4.9999237
1572432269326,10.500885,-9.125,-4.238571
1572432269326,8.437088,-10.120987,-3.103714
1572432269328,1.1419525,-13.003601,-4.7341614
1572432269328,0.9121094,-14.073822,-0.6568451
1572432269544,1.2472992,-13.769745,2.1371918
1572432269544,1.716568,-15.49118,3.5186462
1572432269544,1.716568,-14.413788,2.2401428
1572432269544,3.5648804,-10.178452,-3.723816
1572432269544,6.840149,-7.377228,-4.942459
1572432269544,6.662979,-6.4219513,-1.8156433
1572432269544,5.432358,-5.868881,-0.6209259
1572432269544,5.7795258,-6.6398163,0.52349854
1572432269545,5.128296,-7.8584747,2.2976074
1572432269545,2.3031464,-7.923111,3.1020508
1572432269545,2.0517578,-7.037262,2.2281647
1572432269545,0.9552002,-6.6924896,-0.2953186
1572432269754,-0.65130615,-7.080353,-1.3583374
1572432269754,-0.45259094,-7.417938,-1.5235443
1572432269754,1.52742,-7.6214447,-1.5666351
1572432269754,1.52742,-7.7243958,-1.8587341
1572432269754,3.9886627,-7.9422607,-2.1604004
1572432269754,5.7675476,-9.036423,-3.091751
1572432269755,6.9718323,-9.809738,-4.3918
1572432269755,8.887192,-7.7267914,-0.55389404
1572432269755,12.626938,-7.5998993,1.2728882
1572432269755,13.934174,-9.170486,-0.115753174
1572432269981,14.108948,-12.845596,-0.9034424
1572432269981,10.340485,-10.791367,-2.4141846
1572432269981,6.694107,-15.646805,-2.0191498
1572432269981,0.33511353,-15.472031,-6.4939117
1572432269981,-0.30174255,-8.80896,-1.8539429
1572432269981,-1.57547,-5.5648193,-1.3870697
1572432269983,-1.0223999,-4.1546326,0.6001129
1572432269983,2.1451263,-4.87529,4.837845
1572432269984,2.1451263,-8.425888,8.587173
1572432269984,4.860153,-10.599823,6.556885
1572432269984,4.8529663,-9.958176,4.0381927
1572432270202,3.7755737,-8.914307,2.9775543
1572432270202,3.5241852,-8.859238,2.359848
1572432270202,3.222519,-9.543991,2.9679718
1572432270202,3.222519,-10.2335205,3.094864
1572432270202,3.4188385,-9.587082,-0.28096008
1572432270204,3.2201233,-8.378006,-3.1444244
1572432270204,3.2201233,-7.80101,-4.5785522
1572432270204,3.6079865,-8.172104,-2.375885
1572432270204,4.8816986,-8.629395,-0.2881317
1572432270204,5.844162,-8.593491,0.3726654
1572432270204,5.6310883,-8.081131,0.70306396
1572432270425,4.838608,-7.757904,1.2728882
1572432270425,4.2137146,-7.9087524,1.5410309
1572432270425,4.0820312,-8.239151,1.5793457
1572432270425,4.654251,-8.217606,1.3518982
1572432270427,5.578415,-8.143372,1.2441559
1572432270427,5.8968353,-8.306183,1.3782349
1572432270427,6.018936,-8.210419,1.7517242
1572432270427,6.27034,-8.097885,1.9815674
1572432270427,6.9933777,-8.310974,2.1443787
1572432270427,7.488983,-8.969376,2.288025
1572432270427,8.935074,-10.176056,2.0102997
1572432270645,10.14415,-10.051559,0.89938354
1572432270645,8.62384,-9.314148,-1.7126923
1572432270645,7.6517944,-8.796997,-7.092453
1572432270646,7.8217773,-10.480118,-7.7388916
1572432270646,2.1211853,-13.568634,-4.21463
1572432270646,0.8259125,-14.607727,0.79403687
1572432270646,1.2736359,-14.416183,2.711792
1572432270646,3.0118256,-16.11847,3.975937
1572432270646,3.0118256,-15.007553,3.1643066
1572432270646,4.496231,-10.159302,-3.2186432
1572432270646,6.279907,-6.903183,-5.22258
1572432270870,5.746002,-5.68454,-2.320816
1572432270870,4.410034,-5.373291,-0.4030609
1572432270871,4.6159363,-6.8265686,0.9137573
1572432270871,2.906479,-8.15535,1.7062378
1572432270871,3.002243,-7.97818,1.8091888
1572432270871,3.002243,-7.097107,0.78926086
1572432270871,2.068512,-6.8696594,-0.48924255
1572432270871,0.5290375,-6.884033,-1.1907501
1572432270871,0.20343018,-6.5488434,-1.312851
1572432270872,1.2185669,-6.5105286,-1.0734406
1572432270872,2.7269135,-6.8385315,-1.652832
1572432270872,2.7269135,-8.3085785,-1.7222595
1572432271074,4.2951202,-10.707565,-3.2904663
1572432271074,7.228012,-11.188797,-5.095688
1572432271074,12.0403595,-8.864029,-1.6552277
1572432271074,16.9413,-7.0947113,-2.1244812
1572432271074,16.776093,-7.66214,-3.747757
1572432271074,14.899033,-11.447372,-1.8922577
1572432271075,9.289429,-11.890305,0.049453735
1572432271075,2.5521393,-15.804825,1.098114
1572432271075,-0.99128723,-14.373093,-1.1021576
1572432271075,-3.0119934,-9.180069,-1.7964783
1572432271295,-3.1652222,-5.488205,-0.089416504
1572432271295,-0.986496,-3.6494598,2.754898
1572432271295,2.2887726,-4.7986755,6.7891235
1572432271295,2.2887726,-8.500107,4.0525513
1572432271295,2.7556458,-10.74588,2.173111
1572432271295,2.202591,-10.50885,2.572937
1572432271295,2.923233,-9.508072,4.246475
1572432271295,2.923233,-9.419495,5.237686
1572432271295,3.5577087,-9.28302,1.019104
1572432271295,4.249634,-9.225555,-0.091812134
1572432271296,4.568054,-9.02684,-0.07505798
1572432271522,4.7739563,-8.217606,-1.0518799
1572432271523,4.7500153,-7.7866364,-1.6552277
1572432271523,5.2815247,-8.231964,-1.2266693
1572432271523,4.72847,-8.686859,-0.21870422
1572432271523,3.2895508,-8.904739,0.9017792
1572432271523,2.9806976,-8.940643,1.7277832
1572432271523,3.0285797,-8.919098,2.0821228
1572432271523,3.0285797,-8.717987,1.7732697
1572432271523,3.8450012,-8.459412,1.5458221
1572432271525,4.9535217,-8.406738,1.5960999
1572432271525,5.666992,-8.39238,1.0071259
1572432271743,5.887268,-8.63179,0.24098206
1572432271743,6.519333,-8.737137,0.066207886
1572432271743,7.0484467,-8.05719,0.80841064
1572432271743,7.0508423,-7.243164,1.3207703
1572432271743,7.266327,-7.176117,1.7182007
1572432271743,8.092316,-9.057968,2.1754913
1572432271743,10.560745,-10.731506,1.4907532
1572432271743,10.029236,-10.853607,0.4636383
1572432271745,8.590317,-11.042755,-3.309616
1572432271745,6.0764008,-11.322876,-6.065338
1572432271745,5.018173,-12.182404,-4.5713654
1572432271968,-0.23710632,-13.748199,-1.221878
1572432271968,-0.77819824,-13.583008,1.715805
1572432271968,0.105270386,-14.2222595,2.6184235
1572432271968,1.8578186,-15.390625,3.367813
1572432271968,3.2967377,-12.539139,1.8211517
1572432271968,3.2967377,-8.615036,-3.2282104
1572432271968,4.8505707,-5.5624237,-4.288849
1572432271970,6.6988983,-5.263153,-1.2625732
1572432271971,6.4187775,-6.1226654,0.0015563965
1572432271971,6.7515717,-7.4873657,1.0526123
1572432271971,6.574402,-8.756287,1.7660828
1572432272190,3.2560272,-8.119431,1.4548492
1572432272190,1.9655609,-7.085144,0.52589417
1572432272190,0.29919434,-7.0324707,-0.31446838
1572432272191,-0.58665466,-7.2455597,-1.0135803
1572432272191,0.16271973,-7.3078003,-1.4589081
1572432272191,1.7668457,-7.456238,-1.2003326
1572432272193,3.2129364,-7.7914276,-0.96569824
1572432272193,3.2129364,-8.152954,-1.6121368
1572432272193,4.977463,-9.244705,-3.3670807
1572432272193,7.8217773,-9.108246,-3.3359528
1572432272193,11.3125305,-8.100281,-0.91542053
1572432272414,14.899033,-7.3628693,-1.767746
1572432272414,15.408997,-7.480179,-3.309616
1572432272414,13.369141,-13.120926,-1.0447083
1572432272414,8.204849,-12.776154,-0.7909241
1572432272414,2.4898834,-15.359497,0.097335815
1572432272416,-1.2977448,-13.745804,-3.9201355
1572432272416,-2.145279,-8.80896,-2.7541656
1572432272416,-2.2314758,-5.9335327,-0.6759949
1572432272416,-0.42385864,-4.765152,2.3957672
1572432272416,1.9607697,-5.6558075,6.4611206
1572432272416,1.9607697,-8.169708,7.442749
1572432272635,3.5624847,-9.931854,4.6654663
1572432272635,3.2201233,-10.025223,2.4244995
1572432272635,3.2201233,-9.290207,2.1252136
1572432272635,3.7396698,-9.26387,4.1124115
1572432272637,4.503418,-9.608627,2.130005
1572432272637,4.611145,-9.943817,-0.1756134
1572432272637,3.7085419,-9.591873,-0.17321777
1572432272637,3.3637695,-8.270264,-1.1237183
1572432272637,4.0269623,-7.5184937,-2.004776
1572432272637,4.5297546,-8.069153,-1.1835632
1572432272637,4.714096,-8.588699,0.109298706
1572432272637,4.661438,-8.670105,0.727005
1572432272836,4.5010223,-8.509689,1.2680969
1572432272837,4.125122,-8.401947,1.8690338
1572432272838,3.780365,-8.337311,2.0102997
1572432272838,3.8019104,-8.406738,1.7541199
1572432272838,4.2759705,-8.564758,1.5266724
1572432272838,4.776352,-8.916702,1.122055
1572432272838,5.0828094,-9.450607,1.1052856
1572432272838,5.4778595,-9.225555,0.90657043
1572432272838,5.5520782,-8.018875,0.5785675
1572432272838,5.772339,-7.0659943,0.6264496
1572432273061,5.899231,-6.9175415,1.043045
1572432273061,6.5959473,-7.9925385,2.0342407
1572432273062,8.789032,-9.527222,2.446045
1572432273063,10.642151,-9.613419,1.6631317
1572432273063,10.369202,-9.472153,-2.0215454
1572432273063,8.896774,-10.0204315,-6.9009247
1572432273063,7.065216,-11.219925,-3.3431396
1572432273063,1.0701294,-14.557449,-3.2401886
1572432273063,-0.6105957,-15.081772,-0.2091217
1572432273063,0.3039856,-14.346756,1.7253876
1572432273063,1.8961334,-14.435333,2.3023834
1572432273287,1.8961334,-12.646866,1.1771088
1572432273289,1.8961334,-9.919876,-3.6878967
1572432273289,5.4778595,-8.370834,-3.8890228
1572432273289,4.5010223,-7.40596,-1.3990479
1572432273289,4.2807465,-6.8936005,-0.43896484
1572432273289,5.3868713,-7.180908,0.30801392
1572432273289,5.578415,-7.765091,0.99993896
1572432273289,4.362152,-7.6597443,1.3566742
1572432273289,3.2368774,-7.4418793,0.68151855
1572432273289,2.5258026,-7.231186,-0.96569824
1572432273289,1.3023682,-6.927124,-1.518753
1572432273510,0.57691956,-6.4674377,-0.960907
1572432273510,0.7277527,-6.381241,-0.66641235
1572432273510,1.8865509,-7.2096405,-0.9752655
1572432273510,1.8865509,-7.9805756,-1.84198
1572432273510,4.345398,-9.570328,-3.2282104
1572432273510,7.0269012,-9.800171,-4.62883
1572432273510,10.91748,-7.50412,-1.494812
1572432273511,15.543076,-6.0508423,-1.0734406
1572432273511,15.523926,-7.235977,-1.4780579
1572432273511,13.989243,-12.100998,-1.1141357
1572432273513,10.249496,-14.780106,-1.2721558
1572432273729,2.2408905,-16.226196,-1.9592896
1572432273729,0.85943604,-11.303726,-1.6911316
1572432273729,-1.4365997,-7.2455597,-0.060684204
1572432273729,-1.5563049,-5.155411,1.3973846
1572432273730,-0.21316528,-4.5137634,3.4779358
1572432273730,1.7979584,-5.6653748,5.5632935
1572432273730,2.7197266,-8.911911,3.8035583
1572432273730,3.1195679,-10.946991,1.7732697
1572432273730,3.0405579,-10.391541,1.588913
1572432273732,2.9088745,-8.811356,2.402954
1572432273732,2.9088745,-8.368439,3.3702087
1572432273952,3.4260254,-9.259079,2.209015
1572432273952,3.993454,-10.446594,0.63124084
1572432273952,4.33342,-10.010849,0.46124268
1572432273952,5.0947876,-8.119431,-0.40785217
1572432273953,5.0349274,-6.721222,-1.1117401
1572432273953,4.666214,-7.1066895,-0.59698486
1572432273953,4.704529,-8.562363,0.106903076
1572432273953,4.5105896,-9.208801,0.3343506
1572432273954,4.424408,-9.187256,0.5306854
1572432273954,3.0429535,-9.014862,0.8969879
1572432273954,2.9447937,-9.005295,1.3111877
1572432274178,2.9447937,-9.1345825,1.5937042
1572432274178,3.512207,-9.220764,1.7876434
1572432274178,4.3477936,-9.043594,1.8043976
1572432274178,5.1306915,-8.854462,1.7373657
1572432274178,5.7747345,-8.756287,1.505127
1572432274178,5.8657074,-8.339706,0.94966125
1572432274178,5.8657074,-7.3317413,0.513916
1572432274180,6.2200623,-6.6134796,0.7413635
1572432274180,7.242386,-7.437088,0.9616394
1572432274180,9.366043,-9.196823,0.9137573
1572432274180,10.922272,-11.689194,0.36787415
1572432274401,12.176834,-13.39386,-1.8946381
1572432274401,8.745941,-14.224655,-3.0079498
1572432274401,1.7093811,-14.588562,-3.1061096
1572432274401,-3.7062988,-14.629272,-6.041397
1572432274402,-4.6567993,-12.888687,-0.5730438
1572432274402,-3.1939392,-11.461746,1.1866913
1572432274404,-0.74227905,-11.315689,0.8419342
1572432274404,2.791565,-10.554337,0.55462646
1572432274404,2.791565,-9.713974,-0.86753845
1572432274404,5.291107,-7.7818604,-1.52594
1572432274404,7.1226654,-6.5225067,-0.024780273
1572432274404,7.2687225,-5.986206,-0.3240509
1572432274605,7.266327,-6.345337,-0.2163086
1572432274605,6.622284,-7.868042,0.7748871
1572432274605,2.298355,-8.413925,1.1531677
1572432274605,1.6112213,-8.394775,0.30563354
1572432274607,1.1132202,-7.8632507,-0.9824524
1572432274607,1.3526459,-7.1497803,-1.6815643
1572432274607,2.2313232,-6.8744507,-1.3775024
1572432274607,3.1099854,-6.951065,-0.9537201
1572432274607,3.1099854,-7.437088,-1.0973816
1572432274607,3.7300873,-8.162537,-1.5211487
1572432274808,4.697342,-9.388367,-3.6208649
1572432274808,6.804245,-10.211975,-5.859436
1572432274808,10.069931,-8.739532,-3.103714
1572432274808,15.942917,-7.6286316,-3.1947021
1572432274810,15.526321,-5.4259644,-4.015915
1572432274810,12.052338,-6.658966,-2.2154694
1572432274810,8.724396,-13.195145,2.2640839
1572432274810,2.5760803,-14.035507,2.3335114
1572432274810,0.59846497,-14.868698,1.5027313
1572432274810,-2.116562,-13.872696,-3.4652405
